# Thu Nov 23 02:32:36 2023
#  Tiempo remanente [s], Voltaje remanente [V], Corriente remanente [A]
#  V=-3.8, Tmax=0, Twrite=0.012, Tread=0.1, hslV=0.4, T1 = 0.01, T2 = 0.01, nplc=0.5, Nfire=1501, ratioRth=0.2, Rth=6953204.367618657, Nth=50
2.321059703826904297e-01,4.000750000000000139e-01,1.637730000000000134e-08
4.203033447265625000e-01,4.000759999999999872e-01,1.559959999999999895e-08
6.092078685760498047e-01,4.000719999999999832e-01,1.790649999999999891e-08
7.977399826049804688e-01,4.000770000000000159e-01,1.664370000000000033e-08
9.865736961364746094e-01,4.000739999999999852e-01,1.765540000000000006e-08
1.172383546829223633e+00,4.000759999999999872e-01,1.767200000000000101e-08
1.357685089111328125e+00,4.000779999999999892e-01,1.676450000000000099e-08
1.545122146606445312e+00,4.000730000000000119e-01,1.746959999999999849e-08
1.733333110809326172e+00,4.000759999999999872e-01,1.720750000000000039e-08
1.921162605285644531e+00,4.000730000000000119e-01,1.654330000000000097e-08
2.109600543975830078e+00,4.000759999999999872e-01,1.751799999999999844e-08
2.296123743057250977e+00,4.000759999999999872e-01,1.628889999999999904e-08
2.498978137969970703e+00,4.000730000000000119e-01,1.664139999999999839e-08
2.685853481292724609e+00,4.000710000000000099e-01,1.760209999999999984e-08
2.873878479003906250e+00,4.000690000000000079e-01,1.666420000000000042e-08
3.072953939437866211e+00,4.000770000000000159e-01,1.651559999999999868e-08
3.260296821594238281e+00,4.000719999999999832e-01,1.631420000000000059e-08
3.449298381805419922e+00,4.000790000000000179e-01,1.701149999999999983e-08
3.637479305267333984e+00,4.000770000000000159e-01,1.635790000000000118e-08
3.824159383773803711e+00,4.000759999999999872e-01,1.716219999999999932e-08
4.010267496109008789e+00,4.000839999999999952e-01,1.701010000000000023e-08
4.196179389953613281e+00,4.000790000000000179e-01,1.584239999999999898e-08
4.382569551467895508e+00,4.000799999999999912e-01,1.740939999999999905e-08
4.570720195770263672e+00,4.000810000000000199e-01,1.652150000000000007e-08
4.756125688552856445e+00,4.000770000000000159e-01,1.608549999999999869e-08
4.944764852523803711e+00,4.000810000000000199e-01,1.714529999999999869e-08
5.133612871170043945e+00,4.000759999999999872e-01,1.578570000000000020e-08
5.317844390869140625e+00,4.000810000000000199e-01,1.659779999999999990e-08
5.508528709411621094e+00,4.000810000000000199e-01,1.713129999999999935e-08
5.696499347686767578e+00,4.000759999999999872e-01,1.639799999999999900e-08
5.884311437606811523e+00,4.000819999999999932e-01,1.717499999999999994e-08
6.072392702102661133e+00,4.000819999999999932e-01,1.623680000000000084e-08
6.259279966354370117e+00,4.000770000000000159e-01,1.707050000000000056e-08
6.445939779281616211e+00,4.000730000000000119e-01,1.719779999999999866e-08
6.632412672042846680e+00,4.000790000000000179e-01,1.620819999999999951e-08
6.818758964538574219e+00,4.000759999999999872e-01,1.708140000000000101e-08
7.008061647415161133e+00,4.000790000000000179e-01,1.648709999999999945e-08
7.196648597717285156e+00,4.000719999999999832e-01,1.670169999999999993e-08
7.382523298263549805e+00,4.000710000000000099e-01,1.762500000000000066e-08
7.567859649658203125e+00,4.000770000000000159e-01,1.647190000000000140e-08
7.752210140228271484e+00,4.000679999999999792e-01,1.629060000000000163e-08
7.941803932189941406e+00,4.000710000000000099e-01,1.722889999999999951e-08
8.128069162368774414e+00,4.000759999999999872e-01,1.595749999999999913e-08
8.314178943634033203e+00,4.000690000000000079e-01,1.650290000000000016e-08
8.501934766769409180e+00,4.000739999999999852e-01,1.719059999999999976e-08
8.688631296157836914e+00,4.000710000000000099e-01,1.595509999999999839e-08
8.876158237457275391e+00,4.000710000000000099e-01,1.718210000000000005e-08
9.062988281250000000e+00,4.000739999999999852e-01,1.702570000000000005e-08
9.249742269515991211e+00,4.000719999999999832e-01,1.598470000000000085e-08
9.437366008758544922e+00,4.000739999999999852e-01,1.725340000000000082e-08
9.624091386795043945e+00,4.000790000000000179e-01,1.644810000000000155e-08
9.811379194259643555e+00,4.000699999999999812e-01,1.644029999999999998e-08
9.998718261718750000e+00,4.000759999999999872e-01,1.722789999999999838e-08
1.018506169319152832e+01,4.000770000000000159e-01,1.650500000000000122e-08
1.037071776390075684e+01,4.000730000000000119e-01,1.709320000000000049e-08
1.055867981910705566e+01,4.000770000000000159e-01,1.736209999999999901e-08
1.075964999198913574e+01,4.000790000000000179e-01,1.752559999999999912e-08
1.094710421562194824e+01,4.000790000000000179e-01,1.636429999999999983e-08
1.113409996032714844e+01,4.000770000000000159e-01,1.788830000000000077e-08
1.132063746452331543e+01,4.000819999999999932e-01,1.706560000000000029e-08
1.151009249687194824e+01,4.000739999999999852e-01,1.704180000000000044e-08
1.169817614555358887e+01,4.000790000000000179e-01,1.753269999999999923e-08
1.188639760017395020e+01,4.000770000000000159e-01,1.679229999999999877e-08
1.207509684562683105e+01,4.000799999999999912e-01,1.810350000000000061e-08
1.226276159286499023e+01,4.000779999999999892e-01,1.686769999999999956e-08
1.245013236999511719e+01,4.000739999999999852e-01,1.769630000000000144e-08
1.263711047172546387e+01,4.000750000000000139e-01,1.797839999999999904e-08
1.282238101959228516e+01,4.000750000000000139e-01,1.699940000000000067e-08
1.304407644271850586e+01,4.000710000000000099e-01,1.680129999999999905e-08
1.323110437393188477e+01,4.000679999999999792e-01,1.822620000000000144e-08
1.343344163894653320e+01,4.000719999999999832e-01,1.824859999999999838e-08
1.362051987648010254e+01,4.000659999999999772e-01,1.738289999999999877e-08
1.380782151222229004e+01,4.000710000000000099e-01,1.787719999999999944e-08
1.399704360961914062e+01,4.000719999999999832e-01,1.740740000000000009e-08
1.418231749534606934e+01,4.000739999999999852e-01,1.719879999999999979e-08
1.436799311637878418e+01,4.000739999999999852e-01,1.818770000000000079e-08
1.455755615234375000e+01,4.000770000000000159e-01,1.744549999999999895e-08
1.474631595611572266e+01,4.000730000000000119e-01,1.769040000000000004e-08
1.493465328216552734e+01,4.000750000000000139e-01,1.794850000000000021e-08
1.512411904335021973e+01,4.000759999999999872e-01,1.740799999999999944e-08
1.532650566101074219e+01,4.000699999999999812e-01,1.817050000000000048e-08
1.551294088363647461e+01,4.000739999999999852e-01,1.840070000000000078e-08
1.570053172111511230e+01,4.000670000000000059e-01,1.723810000000000068e-08
1.588893485069274902e+01,4.000759999999999872e-01,1.847359999999999874e-08
1.607674145698547363e+01,4.000710000000000099e-01,1.734800000000000089e-08
1.626318573951721191e+01,4.000670000000000059e-01,1.781860000000000049e-08
1.645028328895568848e+01,4.000719999999999832e-01,1.835429999999999978e-08
1.663909649848937988e+01,4.000679999999999792e-01,1.692070000000000010e-08
1.682649087905883789e+01,4.000690000000000079e-01,1.818159999999999851e-08
1.703044891357421875e+01,4.000670000000000059e-01,1.782710000000000020e-08
1.721885633468627930e+01,4.000690000000000079e-01,1.653290000000000109e-08
1.740799093246459961e+01,4.000699999999999812e-01,1.763340000000000158e-08
1.759687638282775879e+01,4.000719999999999832e-01,1.640550000000000089e-08
1.778450798988342285e+01,4.000699999999999812e-01,1.782210000000000115e-08
1.798699831962585449e+01,4.000730000000000119e-01,1.752119999999999942e-08
1.817512226104736328e+01,4.000670000000000059e-01,1.633039999999999977e-08
1.836111879348754883e+01,4.000719999999999832e-01,1.709240000000000024e-08
1.854766416549682617e+01,4.000679999999999792e-01,1.788670000000000028e-08
1.873439908027648926e+01,4.000699999999999812e-01,1.678180000000000010e-08
1.892267274856567383e+01,4.000699999999999812e-01,1.765480000000000070e-08
1.911059355735778809e+01,4.000679999999999792e-01,1.709590000000000090e-08
1.929610419273376465e+01,4.000659999999999772e-01,1.672600000000000035e-08
1.948052525520324707e+01,4.000619999999999732e-01,1.776729999999999923e-08
1.966735577583312988e+01,4.000690000000000079e-01,1.805249999999999903e-08
1.985264015197753906e+01,4.000639999999999752e-01,1.695040000000000135e-08
2.004145550727844238e+01,4.000719999999999832e-01,1.784480000000000108e-08
2.023124837875366211e+01,4.000699999999999812e-01,1.640779999999999953e-08
2.041915202140808105e+01,4.000670000000000059e-01,1.739539999999999971e-08
2.060720491409301758e+01,4.000730000000000119e-01,1.774340000000000058e-08
2.079359126091003418e+01,4.000710000000000099e-01,1.651240000000000101e-08
2.098112154006958008e+01,4.000739999999999852e-01,1.749760000000000046e-08
2.116799879074096680e+01,4.000759999999999872e-01,1.696350000000000165e-08
2.135410118103027344e+01,4.000670000000000059e-01,1.650789999999999921e-08
2.154273366928100586e+01,4.000710000000000099e-01,1.764509999999999897e-08
2.172917628288269043e+01,4.000710000000000099e-01,1.686930000000000005e-08
2.193053174018859863e+01,4.000739999999999852e-01,1.634159999999999990e-08
2.211760663986206055e+01,4.000719999999999832e-01,1.778889999999999923e-08
2.231888055801391602e+01,4.000730000000000119e-01,1.772959999999999883e-08
2.252148485183715820e+01,4.000790000000000179e-01,1.797569999999999863e-08
2.270922303199768066e+01,4.000770000000000159e-01,1.689119999999999974e-08
2.291114759445190430e+01,4.000770000000000159e-01,1.689570000000000153e-08
2.309888601303100586e+01,4.000719999999999832e-01,1.819730000000000043e-08
2.328512620925903320e+01,4.000759999999999872e-01,1.756150000000000145e-08
2.347428250312805176e+01,4.000730000000000119e-01,1.731949999999999835e-08
2.366188693046569824e+01,4.000790000000000179e-01,1.794220000000000035e-08
2.384986734390258789e+01,4.000710000000000099e-01,1.691550000000000016e-08
2.403917789459228516e+01,4.000759999999999872e-01,1.796469999999999939e-08
2.422634172439575195e+01,4.000750000000000139e-01,1.710199999999999988e-08
2.442812418937683105e+01,4.000770000000000159e-01,1.671319999999999973e-08
2.461463928222656250e+01,4.000759999999999872e-01,1.786129999999999994e-08
2.481612586975097656e+01,4.000830000000000219e-01,1.791389999999999870e-08
2.500250411033630371e+01,4.000739999999999852e-01,1.727340000000000034e-08
2.519098854064941406e+01,4.000699999999999812e-01,1.501219999999999992e-08
2.538015413284301758e+01,4.000750000000000139e-01,1.712870000000000104e-08
2.556875419616699219e+01,4.000750000000000139e-01,1.708060000000000076e-08
2.575526738166809082e+01,4.000810000000000199e-01,1.817190000000000008e-08
2.594226527214050293e+01,4.000810000000000199e-01,1.734899999999999872e-08
2.612769937515258789e+01,4.000799999999999912e-01,1.705050000000000104e-08
2.631438708305358887e+01,4.000759999999999872e-01,1.783420000000000031e-08
2.650077629089355469e+01,4.000790000000000179e-01,1.703839999999999857e-08
2.668643999099731445e+01,4.000739999999999852e-01,1.676189999999999937e-08
2.687182331085205078e+01,4.000759999999999872e-01,1.801359999999999992e-08
2.706035614013671875e+01,4.000819999999999932e-01,1.689300000000000112e-08
2.724720191955566406e+01,4.000770000000000159e-01,1.699019999999999950e-08
2.743359327316284180e+01,4.000799999999999912e-01,1.796190000000000019e-08
2.762116360664367676e+01,4.000790000000000179e-01,1.657439999999999852e-08
2.780510783195495605e+01,4.000750000000000139e-01,1.679139999999999973e-08
2.799433970451354980e+01,4.000810000000000199e-01,1.744700000000000065e-08
2.821158289909362793e+01,4.000739999999999852e-01,1.748759999999999904e-08
2.839712548255920410e+01,4.000739999999999852e-01,1.711569999999999953e-08
2.858406996726989746e+01,4.000710000000000099e-01,1.643599999999999908e-08
2.877026748657226562e+01,4.000799999999999912e-01,1.756299999999999984e-08
2.895860767364501953e+01,4.000710000000000099e-01,1.633749999999999988e-08
2.914323282241821289e+01,4.000679999999999792e-01,1.647010000000000002e-08
2.933042860031127930e+01,4.000710000000000099e-01,1.779840000000000008e-08
2.951704311370849609e+01,4.000719999999999832e-01,1.671940000000000081e-08
2.970325493812561035e+01,4.000699999999999812e-01,1.673889999999999976e-08
2.989122152328491211e+01,4.000759999999999872e-01,1.758650000000000002e-08
3.007891345024108887e+01,4.000759999999999872e-01,1.618609999999999894e-08
3.026627397537231445e+01,4.000739999999999852e-01,1.743539999999999875e-08
3.045561051368713379e+01,4.000779999999999892e-01,1.665730000000000120e-08
3.064287471771240234e+01,4.000770000000000159e-01,1.715479999999999953e-08
3.084286093711853027e+01,4.000759999999999872e-01,1.719140000000000000e-08
3.104602599143981934e+01,4.000810000000000199e-01,1.770780000000000124e-08
3.123261952400207520e+01,4.000859999999999972e-01,1.755520000000000158e-08
3.143282103538513184e+01,4.000779999999999892e-01,1.772329999999999896e-08
3.162046360969543457e+01,4.000770000000000159e-01,1.726540000000000120e-08
3.180704951286315918e+01,4.000790000000000179e-01,1.842200000000000111e-08
3.199602484703063965e+01,4.000799999999999912e-01,1.673230000000000022e-08
3.218221735954284668e+01,4.000819999999999932e-01,1.796650000000000077e-08
3.236867690086364746e+01,4.000830000000000219e-01,1.825149999999999968e-08
3.255510473251342773e+01,4.000730000000000119e-01,1.721939999999999867e-08
3.274171423912048340e+01,4.000690000000000079e-01,1.778009999999999984e-08
3.293072080612182617e+01,4.000719999999999832e-01,1.758890000000000075e-08
3.311902117729187012e+01,4.000699999999999812e-01,1.749139999999999938e-08
3.332091617584228516e+01,4.000730000000000119e-01,1.806289999999999891e-08
3.350965547561645508e+01,4.000730000000000119e-01,1.785039999999999949e-08
3.371167349815368652e+01,4.000759999999999872e-01,1.698000000000000051e-08
3.389822173118591309e+01,4.000719999999999832e-01,1.758510000000000041e-08
3.408759880065917969e+01,4.000770000000000159e-01,1.807769999999999848e-08
3.427690577507019043e+01,4.000730000000000119e-01,1.756959999999999938e-08
3.446538019180297852e+01,4.000730000000000119e-01,1.867129999999999859e-08
3.465116381645202637e+01,4.000699999999999812e-01,1.789730000000000105e-08
3.483935475349426270e+01,4.000730000000000119e-01,1.884860000000000044e-08
3.502699804306030273e+01,4.000790000000000179e-01,1.847130000000000010e-08
3.522781062126159668e+01,4.000839999999999952e-01,1.808389999999999956e-08
3.541541242599487305e+01,4.000779999999999892e-01,1.777009999999999843e-08
3.560266900062561035e+01,4.000770000000000159e-01,1.889579999999999838e-08
3.579038667678833008e+01,4.000779999999999892e-01,1.748839999999999929e-08
3.597990274429321289e+01,4.000839999999999952e-01,1.879690000000000072e-08
3.616559648513793945e+01,4.000790000000000179e-01,1.840450000000000112e-08
3.635206580162048340e+01,4.000790000000000179e-01,1.728890000000000137e-08
3.654013895988464355e+01,4.000759999999999872e-01,1.865060000000000092e-08
3.672593855857849121e+01,4.000779999999999892e-01,1.807629999999999888e-08
3.692708086967468262e+01,4.000779999999999892e-01,1.754520000000000017e-08
3.711662793159484863e+01,4.000759999999999872e-01,1.832960000000000089e-08
3.730175471305847168e+01,4.000790000000000179e-01,1.902470000000000028e-08
3.749107694625854492e+01,4.000770000000000159e-01,1.737489999999999963e-08
3.769110822677612305e+01,4.000779999999999892e-01,1.793139999999999869e-08
3.787760972976684570e+01,4.000750000000000139e-01,1.899490000000000024e-08
3.806793737411499023e+01,4.000810000000000199e-01,1.747149999999999866e-08
3.825580573081970215e+01,4.000750000000000139e-01,1.896599999999999923e-08
3.844398617744445801e+01,4.000830000000000219e-01,1.845160000000000026e-08
3.863178753852844238e+01,4.000819999999999932e-01,1.816770000000000128e-08
3.881783986091613770e+01,4.000839999999999952e-01,1.896349999999999971e-08
3.900847148895263672e+01,4.000819999999999932e-01,1.667549999999999934e-08
3.919566321372985840e+01,4.000879999999999992e-01,1.769280000000000078e-08
3.939563941955566406e+01,4.000850000000000239e-01,1.758219999999999911e-08
3.958245158195495605e+01,4.000870000000000259e-01,1.663080000000000093e-08
3.977130484580993652e+01,4.000839999999999952e-01,1.653829999999999861e-08
3.997315049171447754e+01,4.000839999999999952e-01,1.681570000000000015e-08
4.016044139862060547e+01,4.000839999999999952e-01,1.636280000000000144e-08
4.036273360252380371e+01,4.000779999999999892e-01,1.623410000000000043e-08
4.055249595642089844e+01,4.000750000000000139e-01,1.696319999999999866e-08
4.073793292045593262e+01,4.000819999999999932e-01,1.704670000000000070e-08
4.092499756813049316e+01,4.000799999999999912e-01,1.581859999999999912e-08
4.111510348320007324e+01,4.000839999999999952e-01,1.678260000000000034e-08
4.130038666725158691e+01,4.000839999999999952e-01,1.622869999999999960e-08
4.148806834220886230e+01,4.000839999999999952e-01,1.651549999999999989e-08
4.167380499839782715e+01,4.000810000000000199e-01,1.730560000000000112e-08
4.185938334465026855e+01,4.000870000000000259e-01,1.656600000000000090e-08
4.204943370819091797e+01,4.000770000000000159e-01,1.668809999999999906e-08
4.223879361152648926e+01,4.000830000000000219e-01,1.625739999999999971e-08
4.242757463455200195e+01,4.000779999999999892e-01,1.636659999999999847e-08
4.261521005630493164e+01,4.000859999999999972e-01,1.690940000000000119e-08
4.281720423698425293e+01,4.000810000000000199e-01,1.604020000000000092e-08
4.300599980354309082e+01,4.000799999999999912e-01,1.603409999999999864e-08
4.319287753105163574e+01,4.000779999999999892e-01,1.711769999999999849e-08
4.341090512275695801e+01,4.000810000000000199e-01,1.679249999999999966e-08
4.359744524955749512e+01,4.000889999999999724e-01,1.652979999999999890e-08
4.378563761711120605e+01,4.000850000000000239e-01,1.640639999999999992e-08
4.397690439224243164e+01,4.000859999999999972e-01,1.613609999999999849e-08
4.416676831245422363e+01,4.000810000000000199e-01,1.672920000000000133e-08
4.435278511047363281e+01,4.000889999999999724e-01,1.730020000000000029e-08
4.454267358779907227e+01,4.000799999999999912e-01,1.605889999999999962e-08
4.473056554794311523e+01,4.000790000000000179e-01,1.765349999999999989e-08
4.492144513130187988e+01,4.000839999999999952e-01,1.588059999999999994e-08
4.511156916618347168e+01,4.000879999999999992e-01,1.691270000000000096e-08
4.530117917060852051e+01,4.000839999999999952e-01,1.620079999999999972e-08
4.549156975746154785e+01,4.000819999999999932e-01,1.674689999999999890e-08
4.568161773681640625e+01,4.000799999999999912e-01,1.622100000000000013e-08
4.586976671218872070e+01,4.000799999999999912e-01,1.725420000000000107e-08
4.605879640579223633e+01,4.000770000000000159e-01,1.587329999999999894e-08
4.624966812133789062e+01,4.000830000000000219e-01,1.703410000000000097e-08
4.644104433059692383e+01,4.000750000000000139e-01,1.659779999999999990e-08
4.663011932373046875e+01,4.000730000000000119e-01,1.717190000000000105e-08
4.682122373580932617e+01,4.000690000000000079e-01,1.656589999999999880e-08
4.701017880439758301e+01,4.000719999999999832e-01,1.669329999999999901e-08
4.719992923736572266e+01,4.000679999999999792e-01,1.644669999999999864e-08
4.738717412948608398e+01,4.000730000000000119e-01,1.765439999999999892e-08
4.757401895523071289e+01,4.000690000000000079e-01,1.633420000000000011e-08
4.777662038803100586e+01,4.000699999999999812e-01,1.635190000000000099e-08
4.796324229240417480e+01,4.000730000000000119e-01,1.752699999999999872e-08
4.815035176277160645e+01,4.000710000000000099e-01,1.673049999999999884e-08
4.833872056007385254e+01,4.000690000000000079e-01,1.692509999999999980e-08
4.852784657478332520e+01,4.000739999999999852e-01,1.719499999999999945e-08
4.871433591842651367e+01,4.000730000000000119e-01,1.692489999999999891e-08
4.890026140213012695e+01,4.000739999999999852e-01,1.782520000000000003e-08
4.908741426467895508e+01,4.000739999999999852e-01,1.732759999999999960e-08
4.927504777908325195e+01,4.000699999999999812e-01,1.677030000000000029e-08
4.946174502372741699e+01,4.000719999999999832e-01,1.772299999999999929e-08
4.964676952362060547e+01,4.000770000000000159e-01,1.737079999999999961e-08
4.983530187606811523e+01,4.000690000000000079e-01,1.690020000000000002e-08
5.002401351928710938e+01,4.000719999999999832e-01,1.761859999999999870e-08
5.022510504722595215e+01,4.000750000000000139e-01,1.748530000000000041e-08
5.041224217414855957e+01,4.000739999999999852e-01,1.670909999999999972e-08
5.060013365745544434e+01,4.000730000000000119e-01,1.814480000000000046e-08
5.078626656532287598e+01,4.000759999999999872e-01,1.702679999999999997e-08
5.097321295738220215e+01,4.000710000000000099e-01,1.670989999999999996e-08
5.116189956665039062e+01,4.000799999999999912e-01,1.770169999999999896e-08
5.136302876472473145e+01,4.000759999999999872e-01,1.775769999999999959e-08
5.156249284744262695e+01,4.000799999999999912e-01,1.781209999999999973e-08
5.176300072669982910e+01,4.000790000000000179e-01,1.761499999999999925e-08
5.194935727119445801e+01,4.000750000000000139e-01,1.646389999999999895e-08
5.213612842559814453e+01,4.000739999999999852e-01,1.778580000000000035e-08
5.232392716407775879e+01,4.000790000000000179e-01,1.704480000000000053e-08
5.251138782501220703e+01,4.000710000000000099e-01,1.702450000000000134e-08
5.271107673645019531e+01,4.000730000000000119e-01,1.691030000000000022e-08
5.291216087341308594e+01,4.000690000000000079e-01,1.708770000000000087e-08
5.309779477119445801e+01,4.000750000000000139e-01,1.827650000000000156e-08
5.328510785102844238e+01,4.000790000000000179e-01,1.676840000000000012e-08
5.347295022010803223e+01,4.000739999999999852e-01,1.743090000000000026e-08
5.365799379348754883e+01,4.000790000000000179e-01,1.806399999999999883e-08
5.384410142898559570e+01,4.000759999999999872e-01,1.747419999999999907e-08
5.404708552360534668e+01,4.000770000000000159e-01,1.650739999999999864e-08
5.423300027847290039e+01,4.000730000000000119e-01,1.773179999999999868e-08
5.442069435119628906e+01,4.000839999999999952e-01,1.699640000000000057e-08
5.460658001899719238e+01,4.000750000000000139e-01,1.644620000000000138e-08
5.479299998283386230e+01,4.000750000000000139e-01,1.786020000000000001e-08
5.498294520378112793e+01,4.000819999999999932e-01,1.657480000000000029e-08
5.516728210449218750e+01,4.000699999999999812e-01,1.696399999999999891e-08
5.535247707366943359e+01,4.000699999999999812e-01,1.813289999999999887e-08
5.553732919692993164e+01,4.000739999999999852e-01,1.732489999999999918e-08
5.572387361526489258e+01,4.000710000000000099e-01,1.648139999999999894e-08
5.591442513465881348e+01,4.000730000000000119e-01,1.763639999999999836e-08
5.610275387763977051e+01,4.000710000000000099e-01,1.655799999999999845e-08
5.629220271110534668e+01,4.000670000000000059e-01,1.802120000000000059e-08
5.648104047775268555e+01,4.000779999999999892e-01,1.655620000000000038e-08
5.666710543632507324e+01,4.000739999999999852e-01,1.752840000000000163e-08
5.685405850410461426e+01,4.000830000000000219e-01,1.785589999999999911e-08
5.704207658767700195e+01,4.000810000000000199e-01,1.672199999999999912e-08
5.722829866409301758e+01,4.000770000000000159e-01,1.814079999999999923e-08
5.741487646102905273e+01,4.000790000000000179e-01,1.749350000000000044e-08
5.761566877365112305e+01,4.000779999999999892e-01,1.726009999999999916e-08
5.779907226562500000e+01,4.000790000000000179e-01,1.671990000000000137e-08
5.799931764602661133e+01,4.000779999999999892e-01,1.705309999999999936e-08
5.818736648559570312e+01,4.000759999999999872e-01,1.800200000000000132e-08
5.837797069549560547e+01,4.000779999999999892e-01,1.644080000000000055e-08
5.859929037094116211e+01,4.000759999999999872e-01,1.681709999999999976e-08
5.878591871261596680e+01,4.000710000000000099e-01,1.817119999999999863e-08
5.898819494247436523e+01,4.000790000000000179e-01,1.824819999999999991e-08
5.917511487007141113e+01,4.000830000000000219e-01,1.710999999999999902e-08
5.936191987991333008e+01,4.000750000000000139e-01,1.767109999999999867e-08
5.954820990562438965e+01,4.000799999999999912e-01,1.852650000000000049e-08
5.973561692237854004e+01,4.000830000000000219e-01,1.753729999999999981e-08
5.992311215400695801e+01,4.000799999999999912e-01,1.765979999999999975e-08
6.011201977729797363e+01,4.000839999999999952e-01,1.755289999999999964e-08
6.029724812507629395e+01,4.000790000000000179e-01,1.725970000000000069e-08
6.048482704162597656e+01,4.000819999999999932e-01,1.888490000000000124e-08
6.067215728759765625e+01,4.000770000000000159e-01,1.761840000000000112e-08
6.085892629623413086e+01,4.000739999999999852e-01,1.728190000000000005e-08
6.104600882530212402e+01,4.000759999999999872e-01,1.834740000000000056e-08
6.123510146141052246e+01,4.000719999999999832e-01,1.694509999999999931e-08
6.142003655433654785e+01,4.000690000000000079e-01,1.534449999999999887e-08
6.160801005363464355e+01,4.000710000000000099e-01,1.749400000000000101e-08
6.179633593559265137e+01,4.000679999999999792e-01,1.730420000000000152e-08
6.198433852195739746e+01,4.000730000000000119e-01,1.852109999999999966e-08
6.218504095077514648e+01,4.000679999999999792e-01,1.855020000000000156e-08
6.237477970123291016e+01,4.000739999999999852e-01,1.715569999999999857e-08
6.256408119201660156e+01,4.000699999999999812e-01,1.865990000000000088e-08
6.274979829788208008e+01,4.000679999999999792e-01,1.728449999999999837e-08
6.295418119430541992e+01,4.000679999999999792e-01,1.696980000000000151e-08
6.314333343505859375e+01,4.000710000000000099e-01,1.835690000000000141e-08
6.333126592636108398e+01,4.000739999999999852e-01,1.740969999999999872e-08
6.352198481559753418e+01,4.000719999999999832e-01,1.823550000000000139e-08
6.370911979675292969e+01,4.000730000000000119e-01,1.745990000000000006e-08
6.391027665138244629e+01,4.000750000000000139e-01,1.734200000000000070e-08
6.409709620475769043e+01,4.000810000000000199e-01,1.861860000000000103e-08
6.428501081466674805e+01,4.000819999999999932e-01,1.837779999999999996e-08
6.448703885078430176e+01,4.000790000000000179e-01,1.794100000000000164e-08
6.467313838005065918e+01,4.000759999999999872e-01,1.826400000000000062e-08
6.485824036598205566e+01,4.000790000000000179e-01,1.911210000000000145e-08
6.504611349105834961e+01,4.000770000000000159e-01,1.802880000000000127e-08
6.523324966430664062e+01,4.000739999999999852e-01,1.831890000000000133e-08
6.541794443130493164e+01,4.000690000000000079e-01,1.922970000000000112e-08
6.560532164573669434e+01,4.000779999999999892e-01,1.812050000000000003e-08
6.579065561294555664e+01,4.000719999999999832e-01,1.814979999999999951e-08
6.599298000335693359e+01,4.000650000000000039e-01,1.836969999999999872e-08
6.618131279945373535e+01,4.000759999999999872e-01,1.864529999999999888e-08
6.637020969390869141e+01,4.000719999999999832e-01,1.790310000000000035e-08
6.655911016464233398e+01,4.000759999999999872e-01,1.949360000000000060e-08
6.674630188941955566e+01,4.000739999999999852e-01,1.778479999999999922e-08
6.693316817283630371e+01,4.000750000000000139e-01,1.886740000000000125e-08
6.712068629264831543e+01,4.000790000000000179e-01,1.870280000000000122e-08
6.730859994888305664e+01,4.000830000000000219e-01,1.788699999999999996e-08
6.751168966293334961e+01,4.000810000000000199e-01,1.867470000000000046e-08
6.769789242744445801e+01,4.000839999999999952e-01,1.947060000000000099e-08
6.788610601425170898e+01,4.000850000000000239e-01,1.825830000000000012e-08
6.807092237472534180e+01,4.000790000000000179e-01,1.925089999999999936e-08
6.825859642028808594e+01,4.000859999999999972e-01,1.932680000000000072e-08
6.844591259956359863e+01,4.000870000000000259e-01,1.805510000000000065e-08
6.863241505622863770e+01,4.000839999999999952e-01,1.958030000000000031e-08
6.881923484802246094e+01,4.000839999999999952e-01,1.899609999999999895e-08
6.900699782371520996e+01,4.000790000000000179e-01,1.826750000000000128e-08
6.919423675537109375e+01,4.000839999999999952e-01,1.983409999999999957e-08
6.938033413887023926e+01,4.000819999999999932e-01,1.856299999999999887e-08
6.956909918785095215e+01,4.000810000000000199e-01,1.904820000000000046e-08
6.975510478019714355e+01,4.000859999999999972e-01,1.931370000000000042e-08
6.994210171699523926e+01,4.000870000000000259e-01,1.802899999999999885e-08
7.012932419776916504e+01,4.000850000000000239e-01,1.940049999999999892e-08
7.031563115119934082e+01,4.000839999999999952e-01,1.891629999999999846e-08
7.050297808647155762e+01,4.000799999999999912e-01,1.849290000000000011e-08
7.069021534919738770e+01,4.000830000000000219e-01,1.984209999999999872e-08
7.087637948989868164e+01,4.000889999999999724e-01,1.974449999999999856e-08
7.106512761116027832e+01,4.000770000000000159e-01,1.921990000000000060e-08
7.125262832641601562e+01,4.000790000000000179e-01,1.976599999999999978e-08
7.143968272209167480e+01,4.000799999999999912e-01,1.843350000000000092e-08
7.162571549415588379e+01,4.000759999999999872e-01,1.950799999999999840e-08
7.181250143051147461e+01,4.000739999999999852e-01,1.948100000000000087e-08
7.201513838768005371e+01,4.000790000000000179e-01,1.865830000000000039e-08
7.220042610168457031e+01,4.000759999999999872e-01,1.844470000000000104e-08
7.238748455047607422e+01,4.000759999999999872e-01,1.963319999999999875e-08
7.257612705230712891e+01,4.000790000000000179e-01,1.842049999999999941e-08
7.276115560531616211e+01,4.000750000000000139e-01,1.924400000000000013e-08
7.294936037063598633e+01,4.000730000000000119e-01,1.923209999999999855e-08
7.313497138023376465e+01,4.000779999999999892e-01,1.884720000000000084e-08
7.332008409500122070e+01,4.000730000000000119e-01,1.836199999999999925e-08
7.350911998748779297e+01,4.000779999999999892e-01,1.956209999999999886e-08
7.372921705245971680e+01,4.000839999999999952e-01,1.907090000000000039e-08
7.391735458374023438e+01,4.000790000000000179e-01,1.814610000000000127e-08
7.410513138771057129e+01,4.000779999999999892e-01,1.963090000000000011e-08
7.430598187446594238e+01,4.000759999999999872e-01,1.964310000000000137e-08
7.449405837059020996e+01,4.000739999999999852e-01,1.838749999999999839e-08
7.468022298812866211e+01,4.000759999999999872e-01,1.886330000000000123e-08
7.486860585212707520e+01,4.000819999999999932e-01,1.949600000000000133e-08
7.505685877799987793e+01,4.000790000000000179e-01,1.848609999999999968e-08
7.524410152435302734e+01,4.000770000000000159e-01,2.018920000000000055e-08
7.543264341354370117e+01,4.000819999999999932e-01,1.859739999999999949e-08
7.562136960029602051e+01,4.000770000000000159e-01,2.017239999999999871e-08
7.581033134460449219e+01,4.000759999999999872e-01,1.893919999999999928e-08
7.599879050254821777e+01,4.000739999999999852e-01,1.847920000000000046e-08
7.618412303924560547e+01,4.000759999999999872e-01,2.016109999999999979e-08
7.637073493003845215e+01,4.000739999999999852e-01,1.879079999999999843e-08
7.655915546417236328e+01,4.000750000000000139e-01,1.930969999999999919e-08
7.674600863456726074e+01,4.000819999999999932e-01,1.973120000000000068e-08
7.693369650840759277e+01,4.000819999999999932e-01,1.856450000000000057e-08
7.712010908126831055e+01,4.000770000000000159e-01,1.972950000000000140e-08
7.730610394477844238e+01,4.000770000000000159e-01,1.990989999999999884e-08
7.749425029754638672e+01,4.000719999999999832e-01,1.827199999999999977e-08
7.768215298652648926e+01,4.000699999999999812e-01,1.999869999999999961e-08
7.786820316314697266e+01,4.000699999999999812e-01,1.953700000000000150e-08
7.805609416961669922e+01,4.000739999999999852e-01,1.912550000000000142e-08
7.824135994911193848e+01,4.000719999999999832e-01,1.999260000000000063e-08
7.843036103248596191e+01,4.000699999999999812e-01,1.918069999999999850e-08
7.861620402336120605e+01,4.000759999999999872e-01,2.020420000000000102e-08
7.880279541015625000e+01,4.000739999999999852e-01,1.989999999999999952e-08
7.899035429954528809e+01,4.000739999999999852e-01,1.809860000000000035e-08
7.917689371109008789e+01,4.000699999999999812e-01,1.956610000000000009e-08
7.936323189735412598e+01,4.000739999999999852e-01,1.936450000000000111e-08
7.955130720138549805e+01,4.000759999999999872e-01,1.839559999999999963e-08
7.973798298835754395e+01,4.000739999999999852e-01,1.992340000000000091e-08
7.992390561103820801e+01,4.000810000000000199e-01,1.978979999999999963e-08
8.011061191558837891e+01,4.000770000000000159e-01,1.858470000000000097e-08
8.029728913307189941e+01,4.000790000000000179e-01,2.007059999999999974e-08
8.048464798927307129e+01,4.000830000000000219e-01,1.902380000000000125e-08
8.066909813880920410e+01,4.000810000000000199e-01,1.865310000000000045e-08
8.085712862014770508e+01,4.000799999999999912e-01,1.972680000000000099e-08
8.105929541587829590e+01,4.000799999999999912e-01,1.973140000000000157e-08
8.124557733535766602e+01,4.000770000000000159e-01,1.860200000000000008e-08
8.143124318122863770e+01,4.000799999999999912e-01,1.902990000000000022e-08
8.162043356895446777e+01,4.000810000000000199e-01,1.929200000000000162e-08
8.180663585662841797e+01,4.000799999999999912e-01,1.922199999999999835e-08
8.199506044387817383e+01,4.000799999999999912e-01,2.001550000000000145e-08
8.218009471893310547e+01,4.000830000000000219e-01,1.921349999999999864e-08
8.236774325370788574e+01,4.000810000000000199e-01,1.880260000000000122e-08
8.255595874786376953e+01,4.000850000000000239e-01,1.998550000000000052e-08
8.274384260177612305e+01,4.000779999999999892e-01,1.863399999999999997e-08
8.293310904502868652e+01,4.000779999999999892e-01,2.004150000000000115e-08
8.312183403968811035e+01,4.000799999999999912e-01,1.895229999999999958e-08
8.332241272926330566e+01,4.000750000000000139e-01,1.879860000000000000e-08
8.351136326789855957e+01,4.000759999999999872e-01,1.973129999999999947e-08
8.369846129417419434e+01,4.000799999999999912e-01,1.924860000000000072e-08
8.388488769531250000e+01,4.000790000000000179e-01,1.872040000000000000e-08
8.407282805442810059e+01,4.000819999999999932e-01,2.021300000000000041e-08
8.425830173492431641e+01,4.000779999999999892e-01,1.898699999999999988e-08
8.444603300094604492e+01,4.000799999999999912e-01,1.891919999999999977e-08
8.463172364234924316e+01,4.000739999999999852e-01,2.007950000000000123e-08
8.481892538070678711e+01,4.000810000000000199e-01,1.970390000000000017e-08
8.500850939750671387e+01,4.000790000000000179e-01,1.978869999999999971e-08
8.519364333152770996e+01,4.000770000000000159e-01,2.017830000000000010e-08
8.537898182868957520e+01,4.000830000000000219e-01,1.885810000000000129e-08
8.557956600189208984e+01,4.000839999999999952e-01,1.897870000000000106e-08
8.576726913452148438e+01,4.000790000000000179e-01,2.066779999999999929e-08
8.595409536361694336e+01,4.000770000000000159e-01,1.915530000000000146e-08
8.614115428924560547e+01,4.000790000000000179e-01,1.833010000000000146e-08
8.632712483406066895e+01,4.000750000000000139e-01,1.986790000000000084e-08
8.651605892181396484e+01,4.000819999999999932e-01,1.848870000000000130e-08
8.670289039611816406e+01,4.000759999999999872e-01,1.997510000000000064e-08
8.688944840431213379e+01,4.000750000000000139e-01,2.021210000000000137e-08
8.707712554931640625e+01,4.000810000000000199e-01,1.854929999999999921e-08
8.726245784759521484e+01,4.000819999999999932e-01,1.958550000000000025e-08
8.745020794868469238e+01,4.000819999999999932e-01,1.960510000000000130e-08
8.763850116729736328e+01,4.000710000000000099e-01,1.859309999999999859e-08
8.782512903213500977e+01,4.000770000000000159e-01,1.965840000000000152e-08
8.801165485382080078e+01,4.000810000000000199e-01,1.909030000000000055e-08
8.819835019111633301e+01,4.000790000000000179e-01,1.890410000000000051e-08
8.838608169555664062e+01,4.000750000000000139e-01,1.974439999999999977e-08
8.857440948486328125e+01,4.000730000000000119e-01,1.864909999999999922e-08
8.879142713546752930e+01,4.000710000000000099e-01,1.909170000000000015e-08
8.899401926994323730e+01,4.000690000000000079e-01,1.835060000000000154e-08
8.917890572547912598e+01,4.000670000000000059e-01,1.891819999999999863e-08
8.936612534523010254e+01,4.000719999999999832e-01,1.954010000000000038e-08
8.955517864227294922e+01,4.000710000000000099e-01,1.797300000000000152e-08
8.974053215980529785e+01,4.000679999999999792e-01,1.896120000000000107e-08
8.992812681198120117e+01,4.000739999999999852e-01,1.935239999999999864e-08
9.011602282524108887e+01,4.000730000000000119e-01,1.845529999999999850e-08
9.030230379104614258e+01,4.000679999999999792e-01,1.959340000000000060e-08
9.050597882270812988e+01,4.000730000000000119e-01,1.850000000000000022e-08
9.069267892837524414e+01,4.000690000000000079e-01,1.818869999999999862e-08
9.087949633598327637e+01,4.000679999999999792e-01,1.921820000000000132e-08
9.106826829910278320e+01,4.000710000000000099e-01,1.849970000000000054e-08
9.126953864097595215e+01,4.000759999999999872e-01,1.825069999999999944e-08
9.145606541633605957e+01,4.000710000000000099e-01,1.853419999999999996e-08
9.165794396400451660e+01,4.000759999999999872e-01,1.900220000000000124e-08
9.184470033645629883e+01,4.000790000000000179e-01,1.871290000000000142e-08
9.203205561637878418e+01,4.000679999999999792e-01,1.858040000000000007e-08
9.221850585937500000e+01,4.000739999999999852e-01,1.948189999999999990e-08
9.240597891807556152e+01,4.000750000000000139e-01,1.890730000000000149e-08
9.259501290321350098e+01,4.000739999999999852e-01,1.879200000000000045e-08
9.278170561790466309e+01,4.000750000000000139e-01,1.921490000000000155e-08
9.296778512001037598e+01,4.000750000000000139e-01,1.812299999999999956e-08
9.315435361862182617e+01,4.000699999999999812e-01,1.849590000000000020e-08
9.334079003334045410e+01,4.000779999999999892e-01,1.948670000000000137e-08
9.352716827392578125e+01,4.000819999999999932e-01,1.847090000000000164e-08
9.371410202980041504e+01,4.000730000000000119e-01,1.878639999999999874e-08
9.390197086334228516e+01,4.000770000000000159e-01,1.852510000000000089e-08
9.408969783782958984e+01,4.000750000000000139e-01,1.793200000000000136e-08
9.427643036842346191e+01,4.000730000000000119e-01,1.952700000000000009e-08
9.446574759483337402e+01,4.000779999999999892e-01,1.785900000000000130e-08
9.465435266494750977e+01,4.000779999999999892e-01,1.898739999999999835e-08
9.484234952926635742e+01,4.000750000000000139e-01,1.831199999999999880e-08
9.503001976013183594e+01,4.000730000000000119e-01,1.881809999999999895e-08
9.521855425834655762e+01,4.000730000000000119e-01,1.905090000000000087e-08
9.540612602233886719e+01,4.000750000000000139e-01,1.764550000000000074e-08
9.559506773948669434e+01,4.000679999999999792e-01,1.933310000000000058e-08
9.579592823982238770e+01,4.000670000000000059e-01,1.952200000000000104e-08
9.598415040969848633e+01,4.000670000000000059e-01,1.766399999999999856e-08
9.617298102378845215e+01,4.000670000000000059e-01,1.906650000000000070e-08
9.635902476310729980e+01,4.000690000000000079e-01,1.844560000000000008e-08
9.654612541198730469e+01,4.000690000000000079e-01,1.865789999999999861e-08
9.673317432403564453e+01,4.000679999999999792e-01,1.921120000000000000e-08
9.691999912261962891e+01,4.000690000000000079e-01,1.808999999999999854e-08
9.710744524002075195e+01,4.000690000000000079e-01,1.849890000000000030e-08
9.729410243034362793e+01,4.000719999999999832e-01,1.948599999999999992e-08
9.748050975799560547e+01,4.000739999999999852e-01,1.456770000000000047e-08
9.766545271873474121e+01,4.000730000000000119e-01,1.775199999999999908e-08
9.785253810882568359e+01,4.000710000000000099e-01,1.888669999999999931e-08
9.804049468040466309e+01,4.000770000000000159e-01,1.807800000000000147e-08
9.822697186470031738e+01,4.000690000000000079e-01,1.846179999999999926e-08
9.841156649589538574e+01,4.000719999999999832e-01,1.950059999999999861e-08
9.859896111488342285e+01,4.000710000000000099e-01,1.797509999999999927e-08
9.878491020202636719e+01,4.000710000000000099e-01,1.819269999999999985e-08
9.897396588325500488e+01,4.000699999999999812e-01,1.867619999999999885e-08
9.915963721275329590e+01,4.000730000000000119e-01,1.816239999999999924e-08
9.934712600708007812e+01,4.000710000000000099e-01,1.862689999999999986e-08
9.954887413978576660e+01,4.000670000000000059e-01,1.884319999999999962e-08
9.973483109474182129e+01,4.000739999999999852e-01,1.848350000000000136e-08
9.992301440238952637e+01,4.000710000000000099e-01,1.797259999999999975e-08
1.001093351840972900e+02,4.000739999999999852e-01,1.910899999999999926e-08
1.003092608451843262e+02,4.000739999999999852e-01,1.894480000000000100e-08
1.004981102943420410e+02,4.000739999999999852e-01,1.769220000000000142e-08
1.006853868961334229e+02,4.000710000000000099e-01,1.837599999999999858e-08
1.008706016540527344e+02,4.000739999999999852e-01,1.892260000000000164e-08
1.010596323013305664e+02,4.000739999999999852e-01,1.762839999999999922e-08
1.012462050914764404e+02,4.000739999999999852e-01,1.883410000000000055e-08
1.014371132850646973e+02,4.000819999999999932e-01,1.748699999999999969e-08
1.016224341392517090e+02,4.000790000000000179e-01,1.817279999999999912e-08
1.018085632324218750e+02,4.000719999999999832e-01,1.873810000000000088e-08
1.019962801933288574e+02,4.000710000000000099e-01,1.711139999999999863e-08
1.021828484535217285e+02,4.000739999999999852e-01,1.796820000000000005e-08
1.023699128627777100e+02,4.000710000000000099e-01,1.827919999999999867e-08
1.025586745738983154e+02,4.000659999999999772e-01,1.732830000000000105e-08
1.027440984249114990e+02,4.000650000000000039e-01,1.841330000000000051e-08
1.029317407608032227e+02,4.000730000000000119e-01,1.783379999999999853e-08
1.031179273128509521e+02,4.000750000000000139e-01,1.706539999999999941e-08
1.033053202629089355e+02,4.000730000000000119e-01,1.839910000000000029e-08
1.034966788291931152e+02,4.000670000000000059e-01,1.688299999999999971e-08
1.036847090721130371e+02,4.000750000000000139e-01,1.869909999999999967e-08
1.039009680747985840e+02,4.000659999999999772e-01,1.812219999999999931e-08
1.040907104015350342e+02,4.000730000000000119e-01,1.747510000000000141e-08
1.042784111499786377e+02,4.000710000000000099e-01,1.789240000000000079e-08
1.044665927886962891e+02,4.000759999999999872e-01,1.824670000000000152e-08
1.046546895503997803e+02,4.000710000000000099e-01,1.704450000000000085e-08
1.048448202610015869e+02,4.000670000000000059e-01,1.808650000000000118e-08
1.050350880622863770e+02,4.000670000000000059e-01,1.710870000000000152e-08
1.052246201038360596e+02,4.000679999999999792e-01,1.839229999999999986e-08
1.054150657653808594e+02,4.000639999999999752e-01,1.712999999999999854e-08
1.056068806648254395e+02,4.000670000000000059e-01,1.784609999999999858e-08
1.057947740554809570e+02,4.000630000000000019e-01,1.686549999999999971e-08
1.059858419895172119e+02,4.000679999999999792e-01,1.788599999999999883e-08
1.061744725704193115e+02,4.000630000000000019e-01,1.746700000000000017e-08
1.063606040477752686e+02,4.000659999999999772e-01,1.854079999999999950e-08
1.065501043796539307e+02,4.000659999999999772e-01,1.697450000000000089e-08
1.067392091751098633e+02,4.000630000000000019e-01,1.823770000000000124e-08
1.069280989170074463e+02,4.000690000000000079e-01,1.699949999999999946e-08
1.071179654598236084e+02,4.000710000000000099e-01,1.819310000000000162e-08
1.073088793754577637e+02,4.000690000000000079e-01,1.692409999999999866e-08
1.074989416599273682e+02,4.000659999999999772e-01,1.811429999999999896e-08
1.076874394416809082e+02,4.000739999999999852e-01,1.738080000000000103e-08
1.078741021156311035e+02,4.000679999999999792e-01,1.755539999999999916e-08
1.080627794265747070e+02,4.000699999999999812e-01,1.768080000000000040e-08
1.082499461174011230e+02,4.000730000000000119e-01,1.678109999999999864e-08
1.084381155967712402e+02,4.000710000000000099e-01,1.814560000000000070e-08
1.086286327838897705e+02,4.000759999999999872e-01,1.675200000000000005e-08
1.088153936862945557e+02,4.000690000000000079e-01,1.841020000000000163e-08
1.090029408931732178e+02,4.000719999999999832e-01,1.731209999999999856e-08
1.091893429756164551e+02,4.000670000000000059e-01,1.706660000000000143e-08
1.093766674995422363e+02,4.000699999999999812e-01,1.819909999999999850e-08
1.095789194107055664e+02,4.000690000000000079e-01,1.818319999999999900e-08
1.097647104263305664e+02,4.000690000000000079e-01,1.673299999999999836e-08
1.099669740200042725e+02,4.000619999999999732e-01,1.651270000000000068e-08
1.101550161838531494e+02,4.000670000000000059e-01,1.778529999999999978e-08
1.103571188449859619e+02,4.000670000000000059e-01,1.800590000000000045e-08
1.105429205894470215e+02,4.000719999999999832e-01,1.700210000000000108e-08
1.107291419506072998e+02,4.000630000000000019e-01,1.725769999999999842e-08
1.109169728755950928e+02,4.000690000000000079e-01,1.779849999999999887e-08
1.111050076484680176e+02,4.000679999999999792e-01,1.655159999999999979e-08
1.112916355133056641e+02,4.000679999999999792e-01,1.767599999999999893e-08
1.114956407546997070e+02,4.000659999999999772e-01,1.766369999999999888e-08
1.116830010414123535e+02,4.000690000000000079e-01,1.661630000000000103e-08
1.118827672004699707e+02,4.000699999999999812e-01,1.648890000000000083e-08
1.120723874568939209e+02,4.000710000000000099e-01,1.800709999999999916e-08
1.122751212120056152e+02,4.000690000000000079e-01,1.772239999999999993e-08
1.124617733955383301e+02,4.000670000000000059e-01,1.596269999999999907e-08
1.126481571197509766e+02,4.000630000000000019e-01,1.767959999999999838e-08
1.128360135555267334e+02,4.000679999999999792e-01,1.720919999999999967e-08
1.130239880084991455e+02,4.000639999999999752e-01,1.651330000000000004e-08
1.132095785140991211e+02,4.000730000000000119e-01,1.754669999999999856e-08
1.133964135646820068e+02,4.000770000000000159e-01,1.689490000000000129e-08
1.135839986801147461e+02,4.000710000000000099e-01,1.691820000000000058e-08
1.137707974910736084e+02,4.000679999999999792e-01,1.773440000000000030e-08
1.139739801883697510e+02,4.000730000000000119e-01,1.694429999999999907e-08
1.141607000827789307e+02,4.000699999999999812e-01,1.638569999999999895e-08
1.143626985549926758e+02,4.000659999999999772e-01,1.699489999999999887e-08
1.145495645999908447e+02,4.000770000000000159e-01,1.770439999999999937e-08
1.147389976978302002e+02,4.000719999999999832e-01,1.641519999999999931e-08
1.149284675121307373e+02,4.000699999999999812e-01,1.763639999999999836e-08
1.151161062717437744e+02,4.000679999999999792e-01,1.666889999999999979e-08
1.153017504215240479e+02,4.000679999999999792e-01,1.692759999999999932e-08
1.154882495403289795e+02,4.000679999999999792e-01,1.779359999999999861e-08
1.156775033473968506e+02,4.000659999999999772e-01,1.639329999999999963e-08
1.158625774383544922e+02,4.000639999999999752e-01,1.826480000000000087e-08
1.160509865283966064e+02,4.000650000000000039e-01,1.715640000000000002e-08
1.162371451854705811e+02,4.000670000000000059e-01,1.666599999999999849e-08
1.164236972332000732e+02,4.000699999999999812e-01,1.753690000000000135e-08
1.166115355491638184e+02,4.000639999999999752e-01,1.679000000000000013e-08
1.167988812923431396e+02,4.000650000000000039e-01,1.656900000000000100e-08
1.169860610961914062e+02,4.000739999999999852e-01,1.771790000000000144e-08
1.171722128391265869e+02,4.000770000000000159e-01,1.643659999999999843e-08
1.173581464290618896e+02,4.000659999999999772e-01,1.723769999999999890e-08
1.175444722175598145e+02,4.000750000000000139e-01,1.784350000000000027e-08
1.177325551509857178e+02,4.000779999999999892e-01,1.631929999999999844e-08
1.179211103916168213e+02,4.000730000000000119e-01,1.752099999999999854e-08
1.181078798770904541e+02,4.000739999999999852e-01,1.716510000000000062e-08
1.182951023578643799e+02,4.000719999999999832e-01,1.651190000000000044e-08
1.184861385822296143e+02,4.000699999999999812e-01,1.711180000000000040e-08
1.186744201183319092e+02,4.000670000000000059e-01,1.640360000000000072e-08
1.188617494106292725e+02,4.000750000000000139e-01,1.783750000000000008e-08
1.190816833972930908e+02,4.000770000000000159e-01,1.761659999999999974e-08
1.192681255340576172e+02,4.000830000000000219e-01,1.665499999999999925e-08
1.194561424255371094e+02,4.000790000000000179e-01,1.710609999999999990e-08
1.196441013813018799e+02,4.000830000000000219e-01,1.710900000000000120e-08
1.198317844867706299e+02,4.000799999999999912e-01,1.647690000000000046e-08
1.200191872119903564e+02,4.000799999999999912e-01,1.811740000000000115e-08
1.202060999870300293e+02,4.000790000000000179e-01,1.715839999999999898e-08
1.204071540832519531e+02,4.000739999999999852e-01,1.617690000000000108e-08
1.205960168838500977e+02,4.000770000000000159e-01,1.771049999999999835e-08
1.207812945842742920e+02,4.000810000000000199e-01,1.754130000000000104e-08
1.209711153507232666e+02,4.000799999999999912e-01,1.659800000000000079e-08
1.211574802398681641e+02,4.000810000000000199e-01,1.802319999999999955e-08
1.213451271057128906e+02,4.000850000000000239e-01,1.645649999999999916e-08
1.215323822498321533e+02,4.000790000000000179e-01,1.709290000000000081e-08
1.217328937053680420e+02,4.000790000000000179e-01,1.713239999999999928e-08
1.219201571941375732e+02,4.000799999999999912e-01,1.726829999999999919e-08
1.221084737777709961e+02,4.000799999999999912e-01,1.637859999999999884e-08
1.222974474430084229e+02,4.000839999999999952e-01,1.734379999999999878e-08
1.224873349666595459e+02,4.000819999999999932e-01,1.619509999999999922e-08
1.226890926361083984e+02,4.000779999999999892e-01,1.676629999999999906e-08
1.228750770092010498e+02,4.000759999999999872e-01,1.751959999999999893e-08
1.230622777938842773e+02,4.000759999999999872e-01,1.641350000000000003e-08
1.232505719661712646e+02,4.000770000000000159e-01,1.736869999999999856e-08
1.234380934238433838e+02,4.000790000000000179e-01,1.714080000000000020e-08
1.236241004467010498e+02,4.000810000000000199e-01,1.633660000000000085e-08
1.238135762214660645e+02,4.000759999999999872e-01,1.765950000000000007e-08
1.240162634849548340e+02,4.000750000000000139e-01,1.758910000000000164e-08
1.242040138244628906e+02,4.000750000000000139e-01,1.633319999999999898e-08
1.244060738086700439e+02,4.000770000000000159e-01,1.661060000000000052e-08
1.245915973186492920e+02,4.000759999999999872e-01,1.784400000000000083e-08
1.247925539016723633e+02,4.000770000000000159e-01,1.737299999999999946e-08
1.249813542366027832e+02,4.000790000000000179e-01,1.610910000000000096e-08
1.251679522991180420e+02,4.000779999999999892e-01,1.711480000000000050e-08
1.253549280166625977e+02,4.000750000000000139e-01,1.705790000000000083e-08
1.255438802242279053e+02,4.000750000000000139e-01,1.621829999999999972e-08
1.257281246185302734e+02,4.000719999999999832e-01,1.746849999999999856e-08
1.259164788722991943e+02,4.000810000000000199e-01,1.725420000000000107e-08
1.261059033870697021e+02,4.000750000000000139e-01,1.697720000000000130e-08
1.262915060520172119e+02,4.000790000000000179e-01,1.756810000000000099e-08
1.264952278137207031e+02,4.000819999999999932e-01,1.660350000000000041e-08
1.266824638843536377e+02,4.000850000000000239e-01,1.659129999999999915e-08
1.268841023445129395e+02,4.000819999999999932e-01,1.692150000000000035e-08
1.270727977752685547e+02,4.000850000000000239e-01,1.696790000000000135e-08
1.272603466510772705e+02,4.000810000000000199e-01,1.630969999999999880e-08
1.274487402439117432e+02,4.000810000000000199e-01,1.761270000000000061e-08
1.276351678371429443e+02,4.000870000000000259e-01,1.687930000000000147e-08
1.278218200206756592e+02,4.000830000000000219e-01,1.671329999999999852e-08
1.280116627216339111e+02,4.000839999999999952e-01,1.698790000000000086e-08
1.281977889537811279e+02,4.000790000000000179e-01,1.636450000000000072e-08
1.283986487388610840e+02,4.000810000000000199e-01,1.631150000000000018e-08
1.285883514881134033e+02,4.000920000000000032e-01,1.751349999999999996e-08
1.287767372131347656e+02,4.000870000000000259e-01,1.602240000000000125e-08
1.289676504135131836e+02,4.000879999999999992e-01,1.745410000000000076e-08
1.291540997028350830e+02,4.000819999999999932e-01,1.631899999999999876e-08
1.293403747081756592e+02,4.000810000000000199e-01,1.694699999999999948e-08
1.295269896984100342e+02,4.000830000000000219e-01,1.744200000000000160e-08
1.297128968238830566e+02,4.000799999999999912e-01,1.632039999999999836e-08
1.298971016407012939e+02,4.000779999999999892e-01,1.666550000000000123e-08
1.300854198932647705e+02,4.000859999999999972e-01,1.772070000000000065e-08
1.302688992023468018e+02,4.000900000000000012e-01,1.700160000000000052e-08
1.304570953845977783e+02,4.000839999999999952e-01,1.603170000000000121e-08
1.306459259986877441e+02,4.000870000000000259e-01,1.712520000000000038e-08
1.308326575756072998e+02,4.000779999999999892e-01,1.587450000000000096e-08
1.310364556312561035e+02,4.000819999999999932e-01,1.622519999999999894e-08
1.312262067794799805e+02,4.000759999999999872e-01,1.689369999999999926e-08
1.314131362438201904e+02,4.000699999999999812e-01,1.600270000000000141e-08
1.316001150608062744e+02,4.000730000000000119e-01,1.723159999999999993e-08
1.317871689796447754e+02,4.000770000000000159e-01,1.665069999999999835e-08
1.319742059707641602e+02,4.000770000000000159e-01,1.613730000000000051e-08
1.321593792438507080e+02,4.000779999999999892e-01,1.727889999999999996e-08
1.323460991382598877e+02,4.000799999999999912e-01,1.672100000000000130e-08
1.325329244136810303e+02,4.000790000000000179e-01,1.625810000000000117e-08
1.327212083339691162e+02,4.000799999999999912e-01,1.728639999999999854e-08
1.329231286048889160e+02,4.000759999999999872e-01,1.666479999999999978e-08
1.331241009235382080e+02,4.000799999999999912e-01,1.674959999999999932e-08
1.333106324672698975e+02,4.000770000000000159e-01,1.592460000000000020e-08
1.334992687702178955e+02,4.000810000000000199e-01,1.724699999999999886e-08
1.336864118576049805e+02,4.001080000000000192e-01,2.646939999999999878e-08
1.338740999698638916e+02,4.000790000000000179e-01,1.752069999999999886e-08
1.340612013339996338e+02,4.000810000000000199e-01,1.686669999999999843e-08
1.342784175872802734e+02,4.000759999999999872e-01,1.739180000000000026e-08
1.344655082225799561e+02,4.000779999999999892e-01,1.568470000000000148e-08
1.346523075103759766e+02,4.000710000000000099e-01,1.633099999999999913e-08
1.348380532264709473e+02,4.000770000000000159e-01,1.728150000000000159e-08
1.350290091037750244e+02,4.000779999999999892e-01,1.552720000000000155e-08
1.352277557849884033e+02,4.000770000000000159e-01,1.559540000000000014e-08
1.354286415576934814e+02,4.000750000000000139e-01,1.548300000000000040e-08
1.356157999038696289e+02,4.000750000000000139e-01,1.725959999999999859e-08
1.358029983043670654e+02,4.000819999999999932e-01,1.575310000000000095e-08
1.359900798797607422e+02,4.000790000000000179e-01,1.592020000000000051e-08
1.361774857044219971e+02,4.000759999999999872e-01,1.660639999999999841e-08
1.363641002178192139e+02,4.000779999999999892e-01,1.555680000000000071e-08
1.365508880615234375e+02,4.000819999999999932e-01,1.655499999999999836e-08
1.367381043434143066e+02,4.000830000000000219e-01,1.633360000000000075e-08
1.369241235256195068e+02,4.000770000000000159e-01,1.558800000000000035e-08
1.371104176044464111e+02,4.000710000000000099e-01,1.639680000000000029e-08
1.372972500324249268e+02,4.000759999999999872e-01,1.632070000000000135e-08
1.374855654239654541e+02,4.000750000000000139e-01,1.536160000000000039e-08
1.376704061031341553e+02,4.000730000000000119e-01,1.651620000000000134e-08
1.378584566116333008e+02,4.000759999999999872e-01,1.608079999999999931e-08
1.380478441715240479e+02,4.000770000000000159e-01,1.609430000000000138e-08
1.382332236766815186e+02,4.000759999999999872e-01,1.704269999999999947e-08
1.384200074672698975e+02,4.000770000000000159e-01,1.554619999999999994e-08
1.386088676452636719e+02,4.000719999999999832e-01,1.655090000000000165e-08
1.388122720718383789e+02,4.000730000000000119e-01,1.670050000000000121e-08
1.389991946220397949e+02,4.000699999999999812e-01,1.550900000000000011e-08
1.391869473457336426e+02,4.000690000000000079e-01,1.647939999999999998e-08
1.393884975910186768e+02,4.000739999999999852e-01,1.666530000000000034e-08
1.395887043476104736e+02,4.000670000000000059e-01,1.675429999999999869e-08
1.397750315666198730e+02,4.000710000000000099e-01,1.608329999999999884e-08
1.399639160633087158e+02,4.000650000000000039e-01,1.568269999999999921e-08
1.401507771015167236e+02,4.000710000000000099e-01,1.694999999999999958e-08
1.403389320373535156e+02,4.000739999999999852e-01,1.536309999999999878e-08
1.405260052680969238e+02,4.000699999999999812e-01,1.691520000000000048e-08
1.407130002975463867e+02,4.000739999999999852e-01,1.593829999999999986e-08
1.408998239040374756e+02,4.000759999999999872e-01,1.584049999999999881e-08
1.410897660255432129e+02,4.000759999999999872e-01,1.652409999999999839e-08
1.412762067317962646e+02,4.000750000000000139e-01,1.577869999999999888e-08
1.414624547958374023e+02,4.000679999999999792e-01,1.624509999999999966e-08
1.416505162715911865e+02,4.000770000000000159e-01,1.654300000000000129e-08
1.418381040096282959e+02,4.000730000000000119e-01,1.539880000000000022e-08
1.420386657714843750e+02,4.000770000000000159e-01,1.594899999999999941e-08
1.422274336814880371e+02,4.000790000000000179e-01,1.686659999999999964e-08
1.424124794006347656e+02,4.000810000000000199e-01,1.622370000000000054e-08
1.426006040573120117e+02,4.000750000000000139e-01,1.624770000000000129e-08
1.428025412559509277e+02,4.000770000000000159e-01,1.663710000000000079e-08
1.429918968677520752e+02,4.000830000000000219e-01,1.583769999999999960e-08
1.431796255111694336e+02,4.000730000000000119e-01,1.645679999999999884e-08
1.433660950660705566e+02,4.000739999999999852e-01,1.722019999999999891e-08
1.435551180839538574e+02,4.000690000000000079e-01,1.599150000000000128e-08
1.437411360740661621e+02,4.000690000000000079e-01,1.700370000000000157e-08
1.439440155029296875e+02,4.000759999999999872e-01,1.712259999999999875e-08
1.441341032981872559e+02,4.000730000000000119e-01,1.580109999999999913e-08
1.443213777542114258e+02,4.000730000000000119e-01,1.738270000000000120e-08
1.445094699859619141e+02,4.000790000000000179e-01,1.645940000000000046e-08
1.446963362693786621e+02,4.000739999999999852e-01,1.630210000000000143e-08
1.448813750743865967e+02,4.000739999999999852e-01,1.760250000000000161e-08
1.450826520919799805e+02,4.000779999999999892e-01,1.755999999999999975e-08
1.452693469524383545e+02,4.000790000000000179e-01,1.639400000000000108e-08
1.454559717178344727e+02,4.000719999999999832e-01,1.696250000000000052e-08
1.456406576633453369e+02,4.000750000000000139e-01,1.792600000000000117e-08
1.458272893428802490e+02,4.000759999999999872e-01,1.677089999999999965e-08
1.460181968212127686e+02,4.000690000000000079e-01,1.739040000000000066e-08
1.462051255702972412e+02,4.000719999999999832e-01,1.679100000000000126e-08
1.463927583694458008e+02,4.000719999999999832e-01,1.651110000000000019e-08
1.465816462039947510e+02,4.000739999999999852e-01,1.711970000000000076e-08
1.467683920860290527e+02,4.000739999999999852e-01,1.570740000000000141e-08
1.469557871818542480e+02,4.000710000000000099e-01,1.697230000000000104e-08
1.471446874141693115e+02,4.000750000000000139e-01,1.675229999999999973e-08
1.473313128948211670e+02,4.000719999999999832e-01,1.656300000000000081e-08
1.475176899433135986e+02,4.000710000000000099e-01,1.723120000000000146e-08
1.477050988674163818e+02,4.000699999999999812e-01,1.639290000000000116e-08
1.479084444046020508e+02,4.000759999999999872e-01,1.573579999999999854e-08
1.480951366424560547e+02,4.000690000000000079e-01,1.684410000000000059e-08
1.482820854187011719e+02,4.000750000000000139e-01,1.650849999999999857e-08
1.484698028564453125e+02,4.000739999999999852e-01,1.650299999999999895e-08
1.486550984382629395e+02,4.000770000000000159e-01,1.675200000000000005e-08
1.488426623344421387e+02,4.000790000000000179e-01,1.637939999999999909e-08
1.490317099094390869e+02,4.000750000000000139e-01,1.728959999999999952e-08
1.492336087226867676e+02,4.000739999999999852e-01,1.694999999999999958e-08
1.494528970718383789e+02,4.000719999999999832e-01,1.756450000000000154e-08
1.496386094093322754e+02,4.000719999999999832e-01,1.706839999999999950e-08
1.498263611793518066e+02,4.000739999999999852e-01,1.674370000000000123e-08
1.500149962902069092e+02,4.000699999999999812e-01,1.758109999999999919e-08
1.502010195255279541e+02,4.000690000000000079e-01,1.677950000000000146e-08
1.503871271610260010e+02,4.000699999999999812e-01,1.712829999999999926e-08
1.505758271217346191e+02,4.000730000000000119e-01,1.787719999999999944e-08
1.507624821662902832e+02,4.000679999999999792e-01,1.648070000000000079e-08
1.509495108127593994e+02,4.000679999999999792e-01,1.797110000000000136e-08
1.511372075080871582e+02,4.000759999999999872e-01,1.724170000000000013e-08
1.513242857456207275e+02,4.000679999999999792e-01,1.706780000000000014e-08
1.515122172832489014e+02,4.000650000000000039e-01,1.809610000000000082e-08
1.517114343643188477e+02,4.000659999999999772e-01,1.815119999999999911e-08
1.519002122879028320e+02,4.000650000000000039e-01,1.672050000000000073e-08
1.520886211395263672e+02,4.000710000000000099e-01,1.840989999999999864e-08
1.522741913795471191e+02,4.000710000000000099e-01,1.703089999999999999e-08
1.524620730876922607e+02,4.000639999999999752e-01,1.677730000000000161e-08
1.526474142074584961e+02,4.000679999999999792e-01,1.817780000000000148e-08
1.528351259231567383e+02,4.000739999999999852e-01,1.659299999999999843e-08
1.530237905979156494e+02,4.000639999999999752e-01,1.666479999999999978e-08
1.532098886966705322e+02,4.000690000000000079e-01,1.739590000000000028e-08
1.533974101543426514e+02,4.000699999999999812e-01,1.562490000000000050e-08
1.535863337516784668e+02,4.000659999999999772e-01,1.704409999999999908e-08
1.537874548435211182e+02,4.000670000000000059e-01,1.682820000000000109e-08
1.539748704433441162e+02,4.000670000000000059e-01,1.565919999999999903e-08
1.541626799106597900e+02,4.000699999999999812e-01,1.662959999999999891e-08
1.543497719764709473e+02,4.000670000000000059e-01,1.589289999999999999e-08
1.545378894805908203e+02,4.000710000000000099e-01,1.562650000000000099e-08
1.547239847183227539e+02,4.000690000000000079e-01,1.669759999999999991e-08
1.549110188484191895e+02,4.000699999999999812e-01,1.565949999999999871e-08
1.550960993766784668e+02,4.000630000000000019e-01,1.531819999999999948e-08
1.552851257324218750e+02,4.000699999999999812e-01,1.662090000000000161e-08
1.554725844860076904e+02,4.000679999999999792e-01,1.530789999999999839e-08
1.556584632396697998e+02,4.000670000000000059e-01,1.620079999999999972e-08
1.558460421562194824e+02,4.000710000000000099e-01,1.765299999999999932e-08
1.560312743186950684e+02,4.000690000000000079e-01,1.563690000000000088e-08
1.562177219390869141e+02,4.000659999999999772e-01,1.641709999999999948e-08
1.564041011333465576e+02,4.000759999999999872e-01,1.741390000000000084e-08
1.565914373397827148e+02,4.000730000000000119e-01,1.624489999999999878e-08
1.567777185440063477e+02,4.000699999999999812e-01,1.707270000000000040e-08
1.569635503292083740e+02,4.000690000000000079e-01,1.716489999999999973e-08
1.571503274440765381e+02,4.000719999999999832e-01,1.623579999999999971e-08
1.573380544185638428e+02,4.000650000000000039e-01,1.710449999999999941e-08
1.575271143913269043e+02,4.000699999999999812e-01,1.649000000000000075e-08
1.577130002975463867e+02,4.000639999999999752e-01,1.635319999999999849e-08
1.579005498886108398e+02,4.000699999999999812e-01,1.756009999999999854e-08
1.580879566669464111e+02,4.000739999999999852e-01,1.637139999999999994e-08
1.582764155864715576e+02,4.000699999999999812e-01,1.730890000000000089e-08
1.584794447422027588e+02,4.000679999999999792e-01,1.693439999999999976e-08
1.586642343997955322e+02,4.000719999999999832e-01,1.649350000000000141e-08
1.588519632816314697e+02,4.000659999999999772e-01,1.630680000000000081e-08
1.590419690608978271e+02,4.000730000000000119e-01,1.689529999999999976e-08
1.592426357269287109e+02,4.000739999999999852e-01,1.639139999999999946e-08
1.594302232265472412e+02,4.000659999999999772e-01,1.594180000000000052e-08
1.596191546916961670e+02,4.000659999999999772e-01,1.692070000000000010e-08
1.598063073158264160e+02,4.000670000000000059e-01,1.573029999999999892e-08
1.599953670501708984e+02,4.000630000000000019e-01,1.712730000000000144e-08
1.601805131435394287e+02,4.000659999999999772e-01,1.663449999999999917e-08
1.603662819862365723e+02,4.000719999999999832e-01,1.559510000000000046e-08
1.605534327030181885e+02,4.000690000000000079e-01,1.691210000000000160e-08
1.607393517494201660e+02,4.000630000000000019e-01,1.651950000000000112e-08
1.609280943870544434e+02,4.000670000000000059e-01,1.668479999999999929e-08
1.611161894798278809e+02,4.000690000000000079e-01,1.765359999999999868e-08
1.613016304969787598e+02,4.000679999999999792e-01,1.610019999999999947e-08
1.615029332637786865e+02,4.000670000000000059e-01,1.575459999999999934e-08
1.617029950618743896e+02,4.000710000000000099e-01,1.588220000000000043e-08
1.619017753601074219e+02,4.000759999999999872e-01,1.609939999999999923e-08
1.620904543399810791e+02,4.000699999999999812e-01,1.811610000000000034e-08
1.622774989604949951e+02,4.000750000000000139e-01,1.639849999999999957e-08
1.624646117687225342e+02,4.000659999999999772e-01,1.722490000000000160e-08
1.626527361869812012e+02,4.000699999999999812e-01,1.786349999999999978e-08
1.628542711734771729e+02,4.000690000000000079e-01,1.778749999999999963e-08
1.630428102016448975e+02,4.000690000000000079e-01,1.663470000000000006e-08
1.632327110767364502e+02,4.000710000000000099e-01,1.802040000000000035e-08
1.634225840568542480e+02,4.000710000000000099e-01,1.680069999999999969e-08
1.636126613616943359e+02,4.000710000000000099e-01,1.792160000000000147e-08
1.638030431270599365e+02,4.000710000000000099e-01,1.637080000000000058e-08
1.639929549694061279e+02,4.000750000000000139e-01,1.748779999999999993e-08
1.641811132431030273e+02,4.000730000000000119e-01,1.755159999999999882e-08
1.643662745952606201e+02,4.000710000000000099e-01,1.751150000000000100e-08
1.645876953601837158e+02,4.000690000000000079e-01,1.726840000000000129e-08
1.647748548984527588e+02,4.000730000000000119e-01,1.608129999999999988e-08
1.649627039432525635e+02,4.000699999999999812e-01,1.638319999999999943e-08
1.651542472839355469e+02,4.000670000000000059e-01,1.579889999999999928e-08
1.653434512615203857e+02,4.000639999999999752e-01,1.684430000000000148e-08
1.655353584289550781e+02,4.000690000000000079e-01,1.555669999999999861e-08
1.657269880771636963e+02,4.000730000000000119e-01,1.726900000000000065e-08
1.659142866134643555e+02,4.000730000000000119e-01,1.655810000000000055e-08
1.661043572425842285e+02,4.000719999999999832e-01,1.737299999999999946e-08
1.662962331771850586e+02,4.000770000000000159e-01,1.623960000000000005e-08
1.664859285354614258e+02,4.000779999999999892e-01,1.761930000000000015e-08
1.666768267154693604e+02,4.000719999999999832e-01,1.597639999999999872e-08
1.668677182197570801e+02,4.000779999999999892e-01,1.719130000000000122e-08
1.670568175315856934e+02,4.000710000000000099e-01,1.690139999999999873e-08
1.672427489757537842e+02,4.000739999999999852e-01,1.784519999999999955e-08
1.674310224056243896e+02,4.000830000000000219e-01,1.610599999999999877e-08
1.676181299686431885e+02,4.000770000000000159e-01,1.749080000000000003e-08
1.678045892715454102e+02,4.000790000000000179e-01,1.796969999999999844e-08
1.679929554462432861e+02,4.000810000000000199e-01,1.635609999999999980e-08
1.681794335842132568e+02,4.000710000000000099e-01,1.758010000000000136e-08
1.683656697273254395e+02,4.000770000000000159e-01,1.723040000000000121e-08
1.685533196926116943e+02,4.000739999999999852e-01,1.668289999999999912e-08
1.687409658432006836e+02,4.000770000000000159e-01,1.844299999999999845e-08
1.689279785156250000e+02,4.000799999999999912e-01,1.656009999999999951e-08
1.691131162643432617e+02,4.000790000000000179e-01,1.690679999999999956e-08
1.693005015850067139e+02,4.000779999999999892e-01,1.750809999999999913e-08
1.694903187751770020e+02,4.000790000000000179e-01,1.635630000000000069e-08
1.696773846149444580e+02,4.000799999999999912e-01,1.751120000000000132e-08
1.698648495674133301e+02,4.000850000000000239e-01,2.739840000000000002e-08
1.700509195327758789e+02,4.000810000000000199e-01,1.656479999999999888e-08
1.702382273674011230e+02,4.000839999999999952e-01,1.764399999999999904e-08
1.704259111881256104e+02,4.000819999999999932e-01,1.601489999999999936e-08
1.706125116348266602e+02,4.000770000000000159e-01,1.699599999999999880e-08
1.707983477115631104e+02,4.000750000000000139e-01,1.760709999999999889e-08
1.709880661964416504e+02,4.000810000000000199e-01,1.600749999999999957e-08
1.711743943691253662e+02,4.000750000000000139e-01,1.783889999999999968e-08
1.713607974052429199e+02,4.000739999999999852e-01,1.722019999999999891e-08
1.715493013858795166e+02,4.000750000000000139e-01,1.682380000000000140e-08
1.717351250648498535e+02,4.000759999999999872e-01,1.773550000000000022e-08
1.719226937294006348e+02,4.000750000000000139e-01,1.676780000000000076e-08
1.721105921268463135e+02,4.000770000000000159e-01,1.769209999999999932e-08
1.723124315738677979e+02,4.000819999999999932e-01,1.835150000000000058e-08
1.725011458396911621e+02,4.000830000000000219e-01,1.702359999999999899e-08
1.726881263256072998e+02,4.000779999999999892e-01,1.755159999999999882e-08
1.728745291233062744e+02,4.000810000000000199e-01,1.812769999999999893e-08
1.730616507530212402e+02,4.000759999999999872e-01,1.706580000000000118e-08
1.732495052814483643e+02,4.000770000000000159e-01,1.798599999999999972e-08
1.734361383914947510e+02,4.000779999999999892e-01,1.792119999999999970e-08
1.736226079463958740e+02,4.000790000000000179e-01,1.750170000000000047e-08
1.738092038631439209e+02,4.000750000000000139e-01,1.810650000000000070e-08
1.739975852966308594e+02,4.000779999999999892e-01,1.706329999999999835e-08
1.741845693588256836e+02,4.000719999999999832e-01,1.839610000000000020e-08
1.743860640525817871e+02,4.000719999999999832e-01,1.834209999999999852e-08
1.745751047134399414e+02,4.000759999999999872e-01,1.800890000000000054e-08
1.747618041038513184e+02,4.000750000000000139e-01,1.799239999999999838e-08
1.749470598697662354e+02,4.000790000000000179e-01,1.903359999999999846e-08
1.751357057094573975e+02,4.000830000000000219e-01,1.781329999999999845e-08
1.753226459026336670e+02,4.000790000000000179e-01,1.821860000000000076e-08
1.755241291522979736e+02,4.000739999999999852e-01,1.894480000000000100e-08
1.757099115848541260e+02,4.000759999999999872e-01,1.880120000000000162e-08
1.758960666656494141e+02,4.000730000000000119e-01,1.769319999999999924e-08
1.760828292369842529e+02,4.000750000000000139e-01,1.902900000000000119e-08
1.762681949138641357e+02,4.000799999999999912e-01,1.933140000000000130e-08
1.764556751251220703e+02,4.000739999999999852e-01,1.771600000000000127e-08
1.766429996490478516e+02,4.000739999999999852e-01,1.914520000000000126e-08
1.768299853801727295e+02,4.000790000000000179e-01,1.857620000000000126e-08
1.770340867042541504e+02,4.000770000000000159e-01,1.745279999999999995e-08
1.772341020107269287e+02,4.000759999999999872e-01,1.757829999999999998e-08
1.774176278114318848e+02,4.000730000000000119e-01,1.811339999999999992e-08
1.776051270961761475e+02,4.000759999999999872e-01,1.909479999999999904e-08
1.777912032604217529e+02,4.000739999999999852e-01,1.797509999999999927e-08
1.779799232482910156e+02,4.000699999999999812e-01,1.903189999999999918e-08
1.781656069755554199e+02,4.000779999999999892e-01,1.910480000000000045e-08
1.783530004024505615e+02,4.000710000000000099e-01,1.794220000000000035e-08
1.785534949302673340e+02,4.000739999999999852e-01,1.835780000000000044e-08
1.787551059722900391e+02,4.000730000000000119e-01,1.785759999999999839e-08
1.789422988891601562e+02,4.000739999999999852e-01,1.901420000000000161e-08
1.791288309097290039e+02,4.000730000000000119e-01,1.783539999999999902e-08
1.793156704902648926e+02,4.000719999999999832e-01,1.835159999999999937e-08
1.795031759738922119e+02,4.000739999999999852e-01,1.892680000000000044e-08
1.797204985618591309e+02,4.000719999999999832e-01,1.931920000000000004e-08
1.799086794853210449e+02,4.000779999999999892e-01,1.756579999999999904e-08
1.800969662666320801e+02,4.000750000000000139e-01,1.879839999999999911e-08
1.802841000556945801e+02,4.000830000000000219e-01,1.804039999999999986e-08
1.804716403484344482e+02,4.000799999999999912e-01,1.819329999999999920e-08
1.806571655273437500e+02,4.000759999999999872e-01,1.883999999999999863e-08
1.808462736606597900e+02,4.000750000000000139e-01,1.741470000000000108e-08
1.810340988636016846e+02,4.000719999999999832e-01,1.869829999999999942e-08
1.812250080108642578e+02,4.000719999999999832e-01,1.769649999999999902e-08
1.814106190204620361e+02,4.000690000000000079e-01,1.774269999999999912e-08
1.815978467464447021e+02,4.000710000000000099e-01,1.892879999999999940e-08
1.817841026782989502e+02,4.000730000000000119e-01,1.746640000000000081e-08
1.819736492633819580e+02,4.000639999999999752e-01,1.850630000000000009e-08
1.821593332290649414e+02,4.000710000000000099e-01,1.851150000000000003e-08
1.823461744785308838e+02,4.000710000000000099e-01,1.710790000000000128e-08
1.825340871810913086e+02,4.000659999999999772e-01,1.883259999999999885e-08
1.827200775146484375e+02,4.000679999999999792e-01,1.821700000000000027e-08
1.829075748920440674e+02,4.000679999999999792e-01,1.770549999999999929e-08
1.830966131687164307e+02,4.000690000000000079e-01,1.871410000000000013e-08
1.832836787700653076e+02,4.000719999999999832e-01,1.746619999999999992e-08
1.834742355346679688e+02,4.000690000000000079e-01,1.879759999999999886e-08
1.836620957851409912e+02,4.000719999999999832e-01,1.731760000000000149e-08
1.838480477333068848e+02,4.000699999999999812e-01,1.826240000000000013e-08
1.840350999832153320e+02,4.000699999999999812e-01,1.884289999999999994e-08
1.842227451801300049e+02,4.000730000000000119e-01,1.705529999999999920e-08
1.844088592529296875e+02,4.000679999999999792e-01,1.861640000000000118e-08
1.845977892875671387e+02,4.000730000000000119e-01,1.798150000000000124e-08
1.847984631061553955e+02,4.000650000000000039e-01,1.766499999999999969e-08
1.849859950542449951e+02,4.000679999999999792e-01,1.761540000000000102e-08
1.851719739437103271e+02,4.000719999999999832e-01,1.878739999999999987e-08
1.853575625419616699e+02,4.000750000000000139e-01,1.784059999999999896e-08
1.855461246967315674e+02,4.000770000000000159e-01,1.810249999999999947e-08
1.857326488494873047e+02,4.000750000000000139e-01,1.881199999999999997e-08
1.859197993278503418e+02,4.000750000000000139e-01,1.766020000000000153e-08
1.861074573993682861e+02,4.000739999999999852e-01,1.872640000000000018e-08
1.862947208881378174e+02,4.000750000000000139e-01,1.797729999999999912e-08
1.864829990863800049e+02,4.000710000000000099e-01,1.739800000000000134e-08
1.866703054904937744e+02,4.000759999999999872e-01,1.888740000000000077e-08
1.868562479019165039e+02,4.000799999999999912e-01,1.770909999999999874e-08
1.870440804958343506e+02,4.000790000000000179e-01,1.796190000000000019e-08
1.872442996501922607e+02,4.000750000000000139e-01,1.802910000000000095e-08
1.874312100410461426e+02,4.000759999999999872e-01,1.856439999999999847e-08
1.876193006038665771e+02,4.000770000000000159e-01,1.754760000000000090e-08
1.878066723346710205e+02,4.000759999999999872e-01,1.863880000000000144e-08
1.879968676567077637e+02,4.000770000000000159e-01,1.726119999999999908e-08
1.881838023662567139e+02,4.000770000000000159e-01,1.837779999999999996e-08
1.883847947120666504e+02,4.000770000000000159e-01,1.851479999999999980e-08
1.885741133689880371e+02,4.000799999999999912e-01,1.761449999999999868e-08
1.887752039432525635e+02,4.000770000000000159e-01,1.741409999999999842e-08
1.889786355495452881e+02,4.000790000000000179e-01,1.713660000000000139e-08
1.891794955730438232e+02,4.000759999999999872e-01,1.775870000000000072e-08
1.893673679828643799e+02,4.000770000000000159e-01,1.883919999999999839e-08
1.895540399551391602e+02,4.000730000000000119e-01,1.747279999999999947e-08
1.897397172451019287e+02,4.000690000000000079e-01,1.832420000000000006e-08
1.899280531406402588e+02,4.000710000000000099e-01,1.936549999999999894e-08
1.901151025295257568e+02,4.000719999999999832e-01,1.774780000000000028e-08
1.903017566204071045e+02,4.000719999999999832e-01,1.872699999999999954e-08
1.904891440868377686e+02,4.000779999999999892e-01,1.834749999999999935e-08
1.906751110553741455e+02,4.000799999999999912e-01,1.770350000000000034e-08
1.908614470958709717e+02,4.000790000000000179e-01,1.896700000000000037e-08
1.910507011413574219e+02,4.000790000000000179e-01,1.812309999999999835e-08
1.912392773628234863e+02,4.000719999999999832e-01,1.830500000000000079e-08
1.914271178245544434e+02,4.000750000000000139e-01,1.848169999999999998e-08
1.916163237094879150e+02,4.000750000000000139e-01,1.806060000000000027e-08
1.918152666091918945e+02,4.000739999999999852e-01,1.821629999999999881e-08
1.920050826072692871e+02,4.000779999999999892e-01,1.868409999999999920e-08
1.921948306560516357e+02,4.000759999999999872e-01,1.762299999999999839e-08
1.923841030597686768e+02,4.000750000000000139e-01,1.909520000000000081e-08
1.925721886157989502e+02,4.000750000000000139e-01,1.782050000000000066e-08
1.927594742774963379e+02,4.000719999999999832e-01,1.895360000000000039e-08
1.929472341537475586e+02,4.000719999999999832e-01,1.767679999999999918e-08
1.931334431171417236e+02,4.000750000000000139e-01,1.775900000000000040e-08
1.933212239742279053e+02,4.000779999999999892e-01,1.906710000000000005e-08
1.935251200199127197e+02,4.000839999999999952e-01,1.810670000000000159e-08
1.937104423046112061e+02,4.000770000000000159e-01,1.756629999999999961e-08
1.938971247673034668e+02,4.000770000000000159e-01,1.863299999999999883e-08
1.940826337337493896e+02,4.000779999999999892e-01,1.898890000000000005e-08
1.942841017246246338e+02,4.000799999999999912e-01,1.888980000000000150e-08
1.944740605354309082e+02,4.000699999999999812e-01,1.815490000000000066e-08
1.946623604297637939e+02,4.000790000000000179e-01,1.846910000000000026e-08
1.948792102336883545e+02,4.000750000000000139e-01,1.897479999999999862e-08
1.950661253929138184e+02,4.000770000000000159e-01,1.823509999999999962e-08
1.952535145282745361e+02,4.000739999999999852e-01,1.885139999999999965e-08
1.954401969909667969e+02,4.000699999999999812e-01,1.897559999999999887e-08
1.956269116401672363e+02,4.000690000000000079e-01,1.820660000000000039e-08
1.958141026496887207e+02,4.000710000000000099e-01,1.907830000000000018e-08
1.960011637210845947e+02,4.000750000000000139e-01,1.941029999999999945e-08
1.961892776489257812e+02,4.000659999999999772e-01,1.792580000000000028e-08
1.963771255016326904e+02,4.000719999999999832e-01,1.933440000000000139e-08
1.965622551441192627e+02,4.000750000000000139e-01,1.826269999999999981e-08
1.967651281356811523e+02,4.000730000000000119e-01,1.767869999999999935e-08
1.969510042667388916e+02,4.000719999999999832e-01,1.850329999999999999e-08
1.971380045413970947e+02,4.000770000000000159e-01,1.884819999999999867e-08
1.973239989280700684e+02,4.000750000000000139e-01,1.774990000000000133e-08
1.975124201774597168e+02,4.000819999999999932e-01,1.905200000000000080e-08
1.976989793777465820e+02,4.000799999999999912e-01,1.827280000000000001e-08
1.978870103359222412e+02,4.000779999999999892e-01,1.813600000000000107e-08
1.980730018615722656e+02,4.000819999999999932e-01,1.973990000000000129e-08
1.982593569755554199e+02,4.000779999999999892e-01,1.781890000000000016e-08
1.984454512596130371e+02,4.000759999999999872e-01,1.805899999999999978e-08
1.986322104930877686e+02,4.000790000000000179e-01,1.905420000000000064e-08
1.988213284015655518e+02,4.000739999999999852e-01,1.725620000000000003e-08
1.990092155933380127e+02,4.000750000000000139e-01,1.929169999999999864e-08
1.991974551677703857e+02,4.000739999999999852e-01,1.793320000000000007e-08
1.993851001262664795e+02,4.000759999999999872e-01,1.867309999999999997e-08
1.995751013755798340e+02,4.000770000000000159e-01,1.834279999999999998e-08
1.997622871398925781e+02,4.000690000000000079e-01,1.792429999999999858e-08
1.999531083106994629e+02,4.000739999999999852e-01,1.843959999999999989e-08
2.001426205635070801e+02,4.000639999999999752e-01,1.767180000000000012e-08
2.003429799079895020e+02,4.000619999999999732e-01,1.819929999999999939e-08
2.005314795970916748e+02,4.000690000000000079e-01,1.831989999999999916e-08
2.007312018871307373e+02,4.000690000000000079e-01,1.857779999999999844e-08
2.009184665679931641e+02,4.000690000000000079e-01,1.744430000000000024e-08
2.011089267730712891e+02,4.000730000000000119e-01,1.879969999999999992e-08
2.012964878082275391e+02,4.000699999999999812e-01,1.724410000000000087e-08
2.014824264049530029e+02,4.000690000000000079e-01,1.849649999999999956e-08
2.016678690910339355e+02,4.000790000000000179e-01,1.889590000000000048e-08
2.018551261425018311e+02,4.000750000000000139e-01,1.744279999999999854e-08
2.020440981388092041e+02,4.000719999999999832e-01,1.866189999999999984e-08
2.022303304672241211e+02,4.000730000000000119e-01,1.836749999999999887e-08
2.024175975322723389e+02,4.000710000000000099e-01,1.772150000000000089e-08
2.026040997505187988e+02,4.000790000000000179e-01,1.899370000000000153e-08
2.027912776470184326e+02,4.000750000000000139e-01,1.742139999999999942e-08
2.029784464836120605e+02,4.000739999999999852e-01,1.787889999999999872e-08
2.031678624153137207e+02,4.000810000000000199e-01,1.830250000000000127e-08
2.033541033267974854e+02,4.000759999999999872e-01,1.769709999999999837e-08
2.035432343482971191e+02,4.000750000000000139e-01,1.895499999999999999e-08
2.037296693325042725e+02,4.000810000000000199e-01,1.783839999999999911e-08
2.039168307781219482e+02,4.000770000000000159e-01,1.801689999999999969e-08
2.041047701835632324e+02,4.000810000000000199e-01,1.855989999999999998e-08
2.043060128688812256e+02,4.000779999999999892e-01,1.787609999999999951e-08
2.044925038814544678e+02,4.000739999999999852e-01,1.727519999999999841e-08
2.046798748970031738e+02,4.000739999999999852e-01,1.893230000000000006e-08
2.048671219348907471e+02,4.000739999999999852e-01,1.756279999999999895e-08
2.050543246269226074e+02,4.000659999999999772e-01,1.794089999999999954e-08
2.052570903301239014e+02,4.000730000000000119e-01,1.860280000000000032e-08
2.054448554515838623e+02,4.000699999999999812e-01,1.799680000000000138e-08
2.056314694881439209e+02,4.000739999999999852e-01,1.782400000000000132e-08
2.058501296043395996e+02,4.000690000000000079e-01,1.727159999999999896e-08
2.060371587276458740e+02,4.000750000000000139e-01,3.027649999999999983e-08
2.062224333286285400e+02,4.000790000000000179e-01,1.868560000000000090e-08
2.064084856510162354e+02,4.000710000000000099e-01,1.778960000000000069e-08
2.065975697040557861e+02,4.000699999999999812e-01,1.910390000000000141e-08
2.067840666770935059e+02,4.000779999999999892e-01,1.803950000000000083e-08
2.069714159965515137e+02,4.000739999999999852e-01,1.861780000000000079e-08
2.071577005386352539e+02,4.000719999999999832e-01,1.946769999999999968e-08
2.073445219993591309e+02,4.000710000000000099e-01,1.788170000000000123e-08
2.075329408645629883e+02,4.000670000000000059e-01,1.898729999999999956e-08
2.077213022708892822e+02,4.000699999999999812e-01,1.828040000000000069e-08
2.079222052097320557e+02,4.000690000000000079e-01,1.815510000000000155e-08
2.081083791255950928e+02,4.000659999999999772e-01,1.843510000000000141e-08
2.082955517768859863e+02,4.000670000000000059e-01,1.934560000000000152e-08
2.084814507961273193e+02,4.000699999999999812e-01,1.808710000000000054e-08
2.086829907894134521e+02,4.000679999999999792e-01,1.788809999999999988e-08
2.088695383071899414e+02,4.000699999999999812e-01,1.890410000000000051e-08
2.090571272373199463e+02,4.000739999999999852e-01,1.911799999999999954e-08
2.092441298961639404e+02,4.000739999999999852e-01,1.781940000000000073e-08
2.094460458755493164e+02,4.000679999999999792e-01,1.838579999999999911e-08
2.096329276561737061e+02,4.000710000000000099e-01,1.935630000000000108e-08
2.098183896541595459e+02,4.000750000000000139e-01,1.824389999999999901e-08
2.100379765033721924e+02,4.000730000000000119e-01,1.787099999999999836e-08
2.102271134853363037e+02,4.000679999999999792e-01,1.883909999999999960e-08
2.104297418594360352e+02,4.000699999999999812e-01,1.911600000000000058e-08
2.106199982166290283e+02,4.000739999999999852e-01,1.777100000000000077e-08
2.108069424629211426e+02,4.000690000000000079e-01,1.908590000000000086e-08
2.109951012134552002e+02,4.000710000000000099e-01,1.824570000000000039e-08
2.111829888820648193e+02,4.000719999999999832e-01,1.819750000000000132e-08
2.113843195438385010e+02,4.000710000000000099e-01,1.854599999999999944e-08
2.115714101791381836e+02,4.000739999999999852e-01,1.928859999999999975e-08
2.117566542625427246e+02,4.000810000000000199e-01,1.827110000000000073e-08
2.119442005157470703e+02,4.000759999999999872e-01,1.847869999999999989e-08
2.121326131820678711e+02,4.000770000000000159e-01,1.869110000000000052e-08
2.123329157829284668e+02,4.000790000000000179e-01,1.890650000000000125e-08
2.125212345123291016e+02,4.000779999999999892e-01,1.853990000000000047e-08
2.127101602554321289e+02,4.000730000000000119e-01,1.887480000000000104e-08
2.129119112491607666e+02,4.000770000000000159e-01,1.820779999999999910e-08
2.130980739593505859e+02,4.000739999999999852e-01,1.823099999999999960e-08
2.132851872444152832e+02,4.000750000000000139e-01,1.950489999999999951e-08
2.134726490974426270e+02,4.000810000000000199e-01,1.797140000000000103e-08
2.136605770587921143e+02,4.000690000000000079e-01,1.854290000000000056e-08
2.138461918830871582e+02,4.000759999999999872e-01,1.956380000000000145e-08
2.140478639602661133e+02,4.000770000000000159e-01,1.891429999999999950e-08
2.142330000400543213e+02,4.000690000000000079e-01,1.820839999999999846e-08
2.144210588932037354e+02,4.000739999999999852e-01,1.896860000000000086e-08
2.146074287891387939e+02,4.000719999999999832e-01,1.888289999999999897e-08
2.147942998409271240e+02,4.000699999999999812e-01,1.817840000000000084e-08
2.149816598892211914e+02,4.000710000000000099e-01,1.924310000000000110e-08
2.151689524650573730e+02,4.000719999999999832e-01,1.828500000000000127e-08
2.153699755668640137e+02,4.000719999999999832e-01,1.849129999999999962e-08
2.155598669052124023e+02,4.000719999999999832e-01,1.907239999999999878e-08
2.157450768947601318e+02,4.000750000000000139e-01,1.904400000000000165e-08
2.159326767921447754e+02,4.000710000000000099e-01,1.791750000000000146e-08
2.161202597618103027e+02,4.000739999999999852e-01,1.917959999999999858e-08
2.163067591190338135e+02,4.000779999999999892e-01,1.869749999999999918e-08
2.165096645355224609e+02,4.000750000000000139e-01,1.791540000000000040e-08
2.166961281299591064e+02,4.000790000000000179e-01,1.897300000000000055e-08
2.168821401596069336e+02,4.000819999999999932e-01,1.892359999999999946e-08
2.170683584213256836e+02,4.000779999999999892e-01,1.876380000000000090e-08
2.172561049461364746e+02,4.000739999999999852e-01,1.911479999999999855e-08
2.174451968669891357e+02,4.000790000000000179e-01,1.785330000000000079e-08
2.176321446895599365e+02,4.000739999999999852e-01,1.869209999999999835e-08
2.178172080516815186e+02,4.000759999999999872e-01,1.964029999999999886e-08
2.180040605068206787e+02,4.000779999999999892e-01,1.899989999999999929e-08
2.181916618347167969e+02,4.000779999999999892e-01,1.889260000000000071e-08
2.183775942325592041e+02,4.000759999999999872e-01,1.932790000000000064e-08
2.185651261806488037e+02,4.000759999999999872e-01,1.781839999999999960e-08
2.187524342536926270e+02,4.000690000000000079e-01,1.908139999999999906e-08
2.189398794174194336e+02,4.000739999999999852e-01,1.861640000000000118e-08
2.191267237663269043e+02,4.000719999999999832e-01,1.838970000000000154e-08
2.193130013942718506e+02,4.000730000000000119e-01,1.940269999999999877e-08
2.195011982917785645e+02,4.000719999999999832e-01,1.833840000000000028e-08
2.196876337528228760e+02,4.000670000000000059e-01,1.855790000000000102e-08
2.198750946521759033e+02,4.000710000000000099e-01,1.918719999999999925e-08
2.200626087188720703e+02,4.000679999999999792e-01,1.787099999999999836e-08
2.202621090412139893e+02,4.000719999999999832e-01,1.813170000000000016e-08
2.204636960029602051e+02,4.000639999999999752e-01,1.824029999999999956e-08
2.206515033245086670e+02,4.000699999999999812e-01,1.968200000000000048e-08
2.208403630256652832e+02,4.000690000000000079e-01,1.863189999999999891e-08
2.210280621051788330e+02,4.000710000000000099e-01,1.999549999999999862e-08
2.212127366065979004e+02,4.000739999999999852e-01,1.956589999999999920e-08
2.214012668132781982e+02,4.000690000000000079e-01,1.811640000000000002e-08
2.215911448001861572e+02,4.000699999999999812e-01,1.918229999999999899e-08
2.217926533222198486e+02,4.000699999999999812e-01,1.933470000000000107e-08
2.219801738262176514e+02,4.000759999999999872e-01,1.799190000000000112e-08
2.221661272048950195e+02,4.000719999999999832e-01,1.917180000000000032e-08
2.223516395092010498e+02,4.000730000000000119e-01,1.927290000000000114e-08
2.225390884876251221e+02,4.000659999999999772e-01,1.826780000000000096e-08
2.227254021167755127e+02,4.000699999999999812e-01,1.947330000000000140e-08
2.229123027324676514e+02,4.000739999999999852e-01,1.917830000000000107e-08
2.230994696617126465e+02,4.000690000000000079e-01,1.870049999999999927e-08
2.232872576713562012e+02,4.000710000000000099e-01,1.950989999999999856e-08
2.234760670661926270e+02,4.000790000000000179e-01,1.824299999999999997e-08
2.236669783592224121e+02,4.000799999999999912e-01,2.024569999999999844e-08
2.238560578823089600e+02,4.000790000000000179e-01,1.843840000000000118e-08
2.240447094440460205e+02,4.000759999999999872e-01,1.962650000000000042e-08
2.242335169315338135e+02,4.000730000000000119e-01,1.797779999999999969e-08
2.244213943481445312e+02,4.000690000000000079e-01,1.925149999999999871e-08
2.246122820377349854e+02,4.000730000000000119e-01,1.777959999999999928e-08
2.248021013736724854e+02,4.000779999999999892e-01,1.932359999999999974e-08
2.249910893440246582e+02,4.000819999999999932e-01,1.778919999999999891e-08
2.252124507427215576e+02,4.000750000000000139e-01,1.757800000000000030e-08
2.254026803970336914e+02,4.000779999999999892e-01,1.883960000000000017e-08
2.255924775600433350e+02,4.000790000000000179e-01,1.743459999999999850e-08
2.257816462516784668e+02,4.000790000000000179e-01,1.921630000000000115e-08
2.259724578857421875e+02,4.000750000000000139e-01,1.772920000000000036e-08
2.261627171039581299e+02,4.000759999999999872e-01,1.916809999999999877e-08
2.263522062301635742e+02,4.000759999999999872e-01,1.769310000000000045e-08
2.265423321723937988e+02,4.000750000000000139e-01,1.915620000000000050e-08
2.267319998741149902e+02,4.000639999999999752e-01,1.862829999999999946e-08
2.269237406253814697e+02,4.000719999999999832e-01,1.853990000000000047e-08
2.271128571033477783e+02,4.000690000000000079e-01,1.782309999999999897e-08
2.273021171092987061e+02,4.000690000000000079e-01,1.836920000000000146e-08
2.274912397861480713e+02,4.000679999999999792e-01,1.772950000000000004e-08
2.276793081760406494e+02,4.000679999999999792e-01,1.891200000000000087e-08
2.278677856922149658e+02,4.000710000000000099e-01,1.761980000000000072e-08
2.280570979118347168e+02,4.000719999999999832e-01,1.896989999999999836e-08
2.282433061599731445e+02,4.000670000000000059e-01,1.804030000000000107e-08
2.284298505783081055e+02,4.000699999999999812e-01,1.763609999999999869e-08
2.286182272434234619e+02,4.000759999999999872e-01,1.889489999999999934e-08
2.288050999641418457e+02,4.000739999999999852e-01,1.723079999999999968e-08
2.289916169643402100e+02,4.000730000000000119e-01,1.886449999999999995e-08
2.291772334575653076e+02,4.000770000000000159e-01,1.856280000000000129e-08
2.293640971183776855e+02,4.000699999999999812e-01,1.674739999999999947e-08
2.295512297153472900e+02,4.000710000000000099e-01,1.793989999999999840e-08
2.297360846996307373e+02,4.000690000000000079e-01,1.841069999999999889e-08
2.299247479438781738e+02,4.000699999999999812e-01,1.699250000000000145e-08
2.301151256561279297e+02,4.000710000000000099e-01,1.865280000000000077e-08
2.303006343841552734e+02,4.000730000000000119e-01,1.745960000000000038e-08
2.304880321025848389e+02,4.000630000000000019e-01,1.819679999999999986e-08
2.306761035919189453e+02,4.000710000000000099e-01,1.824469999999999925e-08
2.308601214885711670e+02,4.000739999999999852e-01,1.771660000000000063e-08
2.310483274459838867e+02,4.000690000000000079e-01,1.794790000000000086e-08
2.312494184970855713e+02,4.000690000000000079e-01,1.860129999999999862e-08
2.314393703937530518e+02,4.000679999999999792e-01,1.718810000000000023e-08
2.316271219253540039e+02,4.000699999999999812e-01,1.866730000000000067e-08
2.318161959648132324e+02,4.000730000000000119e-01,1.748479999999999984e-08
2.320053725242614746e+02,4.000759999999999872e-01,1.815969999999999882e-08
2.321914348602294922e+02,4.000699999999999812e-01,1.837880000000000110e-08
2.323915815353393555e+02,4.000739999999999852e-01,1.860639999999999977e-08
2.325780797004699707e+02,4.000719999999999832e-01,1.761859999999999870e-08
2.327654249668121338e+02,4.000699999999999812e-01,1.885980000000000057e-08
2.329541842937469482e+02,4.000730000000000119e-01,1.747529999999999899e-08
2.331382884979248047e+02,4.000710000000000099e-01,1.777849999999999935e-08
2.333251717090606689e+02,4.000659999999999772e-01,1.859659999999999925e-08
2.335139884948730469e+02,4.000659999999999772e-01,1.760170000000000137e-08
2.337006747722625732e+02,4.000690000000000079e-01,1.813360000000000033e-08
2.338888399600982666e+02,4.000699999999999812e-01,1.845150000000000147e-08
2.340761003494262695e+02,4.000670000000000059e-01,1.743190000000000140e-08
2.342613801956176758e+02,4.000619999999999732e-01,1.858539999999999912e-08
2.344493925571441650e+02,4.000710000000000099e-01,1.803270000000000040e-08
2.346363315582275391e+02,4.000730000000000119e-01,1.833689999999999858e-08
2.348228819370269775e+02,4.000710000000000099e-01,1.869589999999999869e-08
2.350252127647399902e+02,4.000690000000000079e-01,1.916289999999999883e-08
2.352107334136962891e+02,4.000679999999999792e-01,1.747549999999999988e-08
2.353991501331329346e+02,4.000690000000000079e-01,1.822210000000000142e-08
2.355869433879852295e+02,4.000759999999999872e-01,1.780950000000000142e-08
2.357730023860931396e+02,4.000730000000000119e-01,1.757869999999999845e-08
2.359613342285156250e+02,4.000750000000000139e-01,1.826629999999999926e-08
2.361485795974731445e+02,4.000770000000000159e-01,1.719510000000000155e-08
2.363344647884368896e+02,4.000730000000000119e-01,1.803309999999999887e-08
2.365371925830841064e+02,4.000759999999999872e-01,1.831570000000000035e-08
2.367389128208160400e+02,4.000730000000000119e-01,1.848919999999999856e-08
2.369250261783599854e+02,4.000790000000000179e-01,1.780369999999999881e-08
2.371128401756286621e+02,4.000770000000000159e-01,1.786269999999999954e-08
2.372990295886993408e+02,4.000779999999999892e-01,1.880249999999999913e-08
2.375033473968505859e+02,4.000739999999999852e-01,1.798130000000000035e-08
2.376923227310180664e+02,4.000750000000000139e-01,1.822169999999999964e-08
2.378791394233703613e+02,4.000779999999999892e-01,1.934050000000000037e-08
2.380672984123229980e+02,4.000790000000000179e-01,1.798909999999999860e-08
2.382671999931335449e+02,4.000739999999999852e-01,1.805970000000000124e-08
2.384551308155059814e+02,4.000770000000000159e-01,1.893990000000000074e-08
2.386440851688385010e+02,4.000770000000000159e-01,1.783550000000000112e-08
2.388329129219055176e+02,4.000719999999999832e-01,1.878710000000000019e-08
2.390349566936492920e+02,4.000750000000000139e-01,1.890460000000000108e-08
2.392205336093902588e+02,4.000759999999999872e-01,1.818390000000000045e-08
2.394073686599731445e+02,4.000739999999999852e-01,1.855440000000000036e-08
2.395961482524871826e+02,4.000759999999999872e-01,1.899229999999999861e-08
2.397817564010620117e+02,4.000830000000000219e-01,1.806870000000000151e-08
2.399690923690795898e+02,4.000730000000000119e-01,1.901279999999999870e-08
2.401559982299804688e+02,4.000799999999999912e-01,1.860390000000000025e-08
2.403750734329223633e+02,4.000750000000000139e-01,1.877860000000000048e-08
2.405646655559539795e+02,4.000719999999999832e-01,1.816479999999999997e-08
2.407526800632476807e+02,4.000739999999999852e-01,1.904220000000000027e-08
2.409400525093078613e+02,4.000739999999999852e-01,1.749989999999999909e-08
2.411295373439788818e+02,4.000790000000000179e-01,1.972960000000000019e-08
2.413161127567291260e+02,4.000770000000000159e-01,1.819040000000000121e-08
2.415040950775146484e+02,4.000799999999999912e-01,1.906350000000000060e-08
2.416902859210968018e+02,4.000739999999999852e-01,1.912299999999999859e-08
2.418760628700256348e+02,4.000739999999999852e-01,1.888589999999999906e-08
2.420649852752685547e+02,4.000719999999999832e-01,1.925270000000000073e-08
2.422657883167266846e+02,4.000699999999999812e-01,1.319590000000000072e-08
2.425016586780548096e+02,4.000739999999999852e-01,1.883210000000000159e-08
2.426866719722747803e+02,4.000710000000000099e-01,1.931200000000000114e-08
2.428744060993194580e+02,4.000690000000000079e-01,1.823709999999999858e-08
2.430617296695709229e+02,4.000650000000000039e-01,1.978150000000000081e-08
2.432505078315734863e+02,4.000699999999999812e-01,1.887189999999999973e-08
2.434369940757751465e+02,4.000690000000000079e-01,1.816869999999999910e-08
2.436230003833770752e+02,4.000710000000000099e-01,1.977199999999999997e-08
2.438104338645935059e+02,4.000730000000000119e-01,1.843169999999999954e-08
2.439989600181579590e+02,4.000759999999999872e-01,1.907250000000000088e-08
2.441868987083435059e+02,4.000719999999999832e-01,1.952090000000000111e-08
2.443741023540496826e+02,4.000730000000000119e-01,1.817130000000000073e-08
2.445613844394683838e+02,4.000739999999999852e-01,1.943359999999999873e-08
2.447630012035369873e+02,4.000730000000000119e-01,1.964010000000000128e-08
2.449496316909790039e+02,4.000730000000000119e-01,1.837079999999999864e-08
2.451360931396484375e+02,4.000710000000000099e-01,1.893969999999999985e-08
2.453367068767547607e+02,4.000710000000000099e-01,1.946879999999999961e-08
2.455240449905395508e+02,4.000759999999999872e-01,1.955980000000000022e-08
2.457106463909149170e+02,4.000699999999999812e-01,1.831829999999999867e-08
2.458964254856109619e+02,4.000670000000000059e-01,1.929590000000000075e-08
2.460861175060272217e+02,4.000699999999999812e-01,1.835100000000000001e-08
2.462719359397888184e+02,4.000710000000000099e-01,1.889459999999999967e-08
2.464601705074310303e+02,4.000719999999999832e-01,1.921820000000000132e-08
2.466448953151702881e+02,4.000730000000000119e-01,1.844599999999999855e-08
2.468307738304138184e+02,4.000710000000000099e-01,1.849150000000000051e-08
2.470188951492309570e+02,4.000770000000000159e-01,1.912699999999999981e-08
2.472062726020812988e+02,4.000690000000000079e-01,1.805640000000000146e-08
2.473926916122436523e+02,4.000670000000000059e-01,1.949229999999999978e-08
2.475798392295837402e+02,4.000670000000000059e-01,1.940159999999999885e-08
2.477818040847778320e+02,4.000770000000000159e-01,1.861010000000000132e-08
2.479705364704132080e+02,4.000699999999999812e-01,1.844090000000000070e-08
2.481575651168823242e+02,4.000739999999999852e-01,1.979760000000000120e-08
2.483434660434722900e+02,4.000779999999999892e-01,1.843719999999999916e-08
2.485304708480834961e+02,4.000810000000000199e-01,1.888390000000000011e-08
2.487164885997772217e+02,4.000790000000000179e-01,1.946460000000000080e-08
2.489038944244384766e+02,4.000839999999999952e-01,1.884070000000000009e-08
2.490922806262969971e+02,4.000779999999999892e-01,1.903469999999999839e-08
2.492784841060638428e+02,4.000850000000000239e-01,1.845900000000000005e-08
2.494647307395935059e+02,4.000779999999999892e-01,1.793679999999999952e-08
2.496515731811523438e+02,4.000839999999999952e-01,1.958660000000000017e-08
2.498390352725982666e+02,4.000790000000000179e-01,1.829110000000000025e-08
2.500288736820220947e+02,4.000759999999999872e-01,1.916839999999999845e-08
2.502300789356231689e+02,4.000819999999999932e-01,1.978459999999999969e-08
2.504163403511047363e+02,4.000879999999999992e-01,1.898640000000000053e-08
2.506051127910614014e+02,4.000810000000000199e-01,1.879809999999999943e-08
2.508086683750152588e+02,4.000770000000000159e-01,1.884319999999999962e-08
2.509960327148437500e+02,4.000859999999999972e-01,1.809170000000000112e-08
2.511817784309387207e+02,4.000770000000000159e-01,1.919860000000000027e-08
2.513692905902862549e+02,4.000850000000000239e-01,1.974020000000000096e-08
2.515713331699371338e+02,4.000850000000000239e-01,1.961979999999999877e-08
2.517579417228698730e+02,4.000819999999999932e-01,1.759820000000000071e-08
2.519455583095550537e+02,4.000850000000000239e-01,1.920749999999999845e-08
2.521326417922973633e+02,4.000819999999999932e-01,1.882150000000000082e-08
2.523202636241912842e+02,4.000790000000000179e-01,1.829889999999999851e-08
2.525088787078857422e+02,4.000850000000000239e-01,1.998570000000000141e-08
2.526933107376098633e+02,4.000799999999999912e-01,1.847370000000000084e-08
2.528797876834869385e+02,4.000770000000000159e-01,1.843000000000000026e-08
2.530671114921569824e+02,4.000830000000000219e-01,1.943489999999999955e-08
2.532532200813293457e+02,4.000759999999999872e-01,1.829220000000000017e-08
2.534538986682891846e+02,4.000770000000000159e-01,1.835709999999999899e-08
2.536419422626495361e+02,4.000779999999999892e-01,1.929629999999999922e-08
2.538285489082336426e+02,4.000830000000000219e-01,1.869309999999999948e-08
2.540150613784790039e+02,4.000790000000000179e-01,1.827259999999999913e-08
2.542013096809387207e+02,4.000819999999999932e-01,1.953160000000000067e-08
2.543895630836486816e+02,4.000810000000000199e-01,1.785399999999999894e-08
2.545774939060211182e+02,4.000819999999999932e-01,1.901340000000000136e-08
2.547626116275787354e+02,4.000750000000000139e-01,1.941260000000000139e-08
2.549490892887115479e+02,4.000799999999999912e-01,1.810890000000000144e-08
2.551369233131408691e+02,4.000710000000000099e-01,1.891329999999999837e-08
2.553244664669036865e+02,4.000699999999999812e-01,1.912450000000000029e-08
2.555449326038360596e+02,4.000699999999999812e-01,1.854679999999999969e-08
2.557345263957977295e+02,4.000719999999999832e-01,1.885859999999999855e-08
2.559212055206298828e+02,4.000690000000000079e-01,1.929200000000000162e-08
2.561077034473419189e+02,4.000719999999999832e-01,1.827389999999999994e-08
2.562951061725616455e+02,4.000710000000000099e-01,1.911039999999999886e-08
2.564822494983673096e+02,4.000750000000000139e-01,1.864190000000000032e-08
2.566693630218505859e+02,4.000730000000000119e-01,1.834580000000000007e-08
2.568556418418884277e+02,4.000759999999999872e-01,1.952470000000000145e-08
2.570572731494903564e+02,4.000739999999999852e-01,2.006150000000000067e-08
2.572441010475158691e+02,4.000739999999999852e-01,1.868830000000000132e-08
2.574458825588226318e+02,4.000790000000000179e-01,1.794250000000000003e-08
2.576321887969970703e+02,4.000710000000000099e-01,1.932900000000000056e-08
2.578185014724731445e+02,4.000759999999999872e-01,1.902829999999999973e-08
2.580073180198669434e+02,4.000710000000000099e-01,1.861230000000000117e-08
2.581926672458648682e+02,4.000770000000000159e-01,2.009210000000000096e-08
2.583799431324005127e+02,4.000699999999999812e-01,1.850920000000000139e-08
2.585677354335784912e+02,4.000650000000000039e-01,1.916419999999999964e-08
2.587547364234924316e+02,4.000659999999999772e-01,1.938709999999999895e-08
2.589412429332733154e+02,4.000670000000000059e-01,1.852730000000000074e-08
2.591272535324096680e+02,4.000710000000000099e-01,1.944179999999999877e-08
2.593141009807586670e+02,4.000690000000000079e-01,1.963179999999999915e-08
2.595021102428436279e+02,4.000659999999999772e-01,1.807789999999999937e-08
2.596892724037170410e+02,4.000679999999999792e-01,1.978869999999999971e-08
2.598750538825988770e+02,4.000710000000000099e-01,1.869669999999999893e-08
2.600640437602996826e+02,4.000679999999999792e-01,1.889189999999999925e-08
2.602525966167449951e+02,4.000739999999999852e-01,1.931700000000000019e-08
2.604557301998138428e+02,4.000739999999999852e-01,1.885389999999999918e-08
2.606445398330688477e+02,4.000710000000000099e-01,1.903679999999999944e-08
2.608297934532165527e+02,4.000739999999999852e-01,1.965330000000000036e-08
2.610159983634948730e+02,4.000739999999999852e-01,1.830189999999999860e-08
2.612028851509094238e+02,4.000670000000000059e-01,1.893250000000000095e-08
2.614050652980804443e+02,4.000730000000000119e-01,1.915540000000000025e-08
2.615924811363220215e+02,4.000719999999999832e-01,1.882560000000000083e-08
2.617940998077392578e+02,4.000690000000000079e-01,1.836499999999999934e-08
2.619974329471588135e+02,4.000690000000000079e-01,1.835739999999999867e-08
2.621842694282531738e+02,4.000730000000000119e-01,1.999480000000000048e-08
2.623710811138153076e+02,4.000750000000000139e-01,1.872999999999999963e-08
2.625585722923278809e+02,4.000730000000000119e-01,1.877929999999999863e-08
2.627599692344665527e+02,4.000710000000000099e-01,1.973599999999999885e-08
2.629488077163696289e+02,4.000759999999999872e-01,1.937270000000000115e-08
2.631339521408081055e+02,4.000790000000000179e-01,1.868670000000000083e-08
2.633194642066955566e+02,4.000790000000000179e-01,1.944430000000000160e-08
2.635220768451690674e+02,4.000790000000000179e-01,2.066199999999999999e-08
2.637094199657440186e+02,4.000779999999999892e-01,1.904440000000000012e-08
2.638961298465728760e+02,4.000779999999999892e-01,1.903679999999999944e-08
2.640856807231903076e+02,4.000779999999999892e-01,1.963069999999999922e-08
2.642713067531585693e+02,4.000739999999999852e-01,1.894489999999999979e-08
2.644590945243835449e+02,4.000739999999999852e-01,1.948700000000000105e-08
2.646465120315551758e+02,4.000759999999999872e-01,1.854340000000000113e-08
2.648330006599426270e+02,4.000759999999999872e-01,1.857689999999999941e-08
2.650197622776031494e+02,4.000739999999999852e-01,1.937009999999999952e-08
2.652073218822479248e+02,4.000739999999999852e-01,1.829630000000000019e-08
2.653942825794219971e+02,4.000770000000000159e-01,1.950210000000000031e-08
2.655840439796447754e+02,4.000810000000000199e-01,1.822330000000000013e-08
2.657698025703430176e+02,4.000759999999999872e-01,1.850889999999999840e-08
2.659569683074951172e+02,4.000730000000000119e-01,1.945170000000000139e-08
2.661478991508483887e+02,4.000730000000000119e-01,1.791549999999999919e-08
2.663341994285583496e+02,4.000730000000000119e-01,1.922010000000000149e-08
2.665223696231842041e+02,4.000750000000000139e-01,1.850719999999999912e-08
2.667080810070037842e+02,4.000750000000000139e-01,1.886340000000000002e-08
2.668941023349761963e+02,4.000759999999999872e-01,1.985150000000000078e-08
2.670840427875518799e+02,4.000759999999999872e-01,1.818049999999999858e-08
2.672718570232391357e+02,4.000750000000000139e-01,1.947140000000000123e-08
2.674591155052185059e+02,4.000819999999999932e-01,1.889629999999999895e-08
2.676475291252136230e+02,4.000779999999999892e-01,1.933129999999999920e-08
2.678349456787109375e+02,4.000779999999999892e-01,1.961310000000000044e-08
2.680368540287017822e+02,4.000810000000000199e-01,1.957239999999999995e-08
2.682223947048187256e+02,4.000759999999999872e-01,1.844599999999999855e-08
2.684236288070678711e+02,4.000710000000000099e-01,1.815659999999999994e-08
2.686100909709930420e+02,4.000739999999999852e-01,1.942330000000000095e-08
2.687971830368041992e+02,4.000699999999999812e-01,1.923609999999999978e-08
2.689833455085754395e+02,4.000690000000000079e-01,1.813069999999999903e-08
2.691708731651306152e+02,4.000750000000000139e-01,1.990450000000000132e-08
2.693561253547668457e+02,4.000770000000000159e-01,1.913719999999999881e-08
2.695426378250122070e+02,4.000750000000000139e-01,1.876529999999999930e-08
2.697304170131683350e+02,4.000699999999999812e-01,1.947729999999999932e-08
2.699170386791229248e+02,4.000730000000000119e-01,1.861670000000000086e-08
2.701041016578674316e+02,4.000730000000000119e-01,1.916619999999999860e-08
2.702910668849945068e+02,4.000750000000000139e-01,1.945019999999999969e-08
2.704780445098876953e+02,4.000710000000000099e-01,1.816330000000000158e-08
2.706954684257507324e+02,4.000739999999999852e-01,1.843050000000000082e-08
2.708813469409942627e+02,4.000699999999999812e-01,1.837640000000000036e-08
2.710693142414093018e+02,4.000719999999999832e-01,1.958389999999999976e-08
2.712550876140594482e+02,4.000710000000000099e-01,1.851880000000000103e-08
2.714430599212646484e+02,4.000679999999999792e-01,1.881050000000000158e-08
2.716319777965545654e+02,4.000679999999999792e-01,1.917890000000000043e-08
2.718198854923248291e+02,4.000710000000000099e-01,1.938569999999999934e-08
2.720209391117095947e+02,4.000690000000000079e-01,1.879869999999999879e-08
2.722078647613525391e+02,4.000750000000000139e-01,1.935949999999999875e-08
2.723959333896636963e+02,4.000659999999999772e-01,1.806690000000000014e-08
2.725826597213745117e+02,4.000699999999999812e-01,1.952269999999999918e-08
2.727708289623260498e+02,4.000770000000000159e-01,1.828340000000000078e-08
2.729739584922790527e+02,4.000770000000000159e-01,1.793640000000000105e-08
2.731618444919586182e+02,4.000739999999999852e-01,1.958930000000000059e-08
2.733508753776550293e+02,4.000759999999999872e-01,1.838519999999999975e-08
2.735408208370208740e+02,4.000750000000000139e-01,1.934840000000000072e-08
2.737309288978576660e+02,4.000750000000000139e-01,1.868230000000000113e-08
2.739151985645294189e+02,4.000770000000000159e-01,1.903819999999999905e-08
2.741034026145935059e+02,4.000750000000000139e-01,1.978129999999999992e-08
2.743054842948913574e+02,4.000770000000000159e-01,1.911950000000000124e-08
2.744932465553283691e+02,4.000759999999999872e-01,1.821580000000000155e-08
2.746791906356811523e+02,4.000790000000000179e-01,1.979790000000000088e-08
2.748648188114166260e+02,4.000799999999999912e-01,1.920840000000000079e-08
2.750540895462036133e+02,4.000790000000000179e-01,1.874740000000000084e-08
2.752409675121307373e+02,4.000819999999999932e-01,1.943480000000000076e-08
2.754268922805786133e+02,4.000830000000000219e-01,1.858560000000000001e-08
2.756159086227416992e+02,4.000819999999999932e-01,1.921459999999999856e-08
2.758014538288116455e+02,4.000819999999999932e-01,1.943929999999999924e-08
2.759892084598541260e+02,4.000799999999999912e-01,1.857020000000000108e-08
2.761915211677551270e+02,4.000839999999999952e-01,1.902749999999999949e-08
2.763799431324005127e+02,4.000810000000000199e-01,1.897110000000000038e-08
2.765701730251312256e+02,4.000799999999999912e-01,1.869240000000000134e-08
2.767575337886810303e+02,4.000819999999999932e-01,1.952780000000000033e-08
2.769439218044281006e+02,4.000739999999999852e-01,1.844560000000000008e-08
2.771302549839019775e+02,4.000759999999999872e-01,1.893269999999999853e-08
2.773150997161865234e+02,4.000750000000000139e-01,2.007639999999999904e-08
2.775046758651733398e+02,4.000730000000000119e-01,1.833629999999999923e-08
2.776904435157775879e+02,4.000759999999999872e-01,1.908560000000000118e-08
2.778750219345092773e+02,4.000799999999999912e-01,1.962870000000000026e-08
2.780640869140625000e+02,4.000730000000000119e-01,1.811610000000000034e-08
2.782502875328063965e+02,4.000759999999999872e-01,1.923250000000000033e-08
2.784372940063476562e+02,4.000770000000000159e-01,1.908070000000000092e-08
2.786254255771636963e+02,4.000639999999999752e-01,1.419879999999999940e-08
2.788117296695709229e+02,4.000639999999999752e-01,1.904870000000000103e-08
2.790009014606475830e+02,4.000710000000000099e-01,1.777980000000000017e-08
2.791890375614166260e+02,4.000659999999999772e-01,1.925850000000000003e-08
2.793763287067413330e+02,4.000719999999999832e-01,1.841839999999999835e-08
2.795640990734100342e+02,4.000670000000000059e-01,1.836449999999999878e-08
2.797517230510711670e+02,4.000710000000000099e-01,1.930880000000000016e-08
2.799383134841918945e+02,4.000719999999999832e-01,1.860850000000000083e-08
2.801255071163177490e+02,4.000719999999999832e-01,1.918229999999999899e-08
2.803271999359130859e+02,4.000739999999999852e-01,1.952940000000000082e-08
2.805147831439971924e+02,4.000770000000000159e-01,1.858630000000000146e-08
2.807025711536407471e+02,4.000759999999999872e-01,1.873920000000000080e-08
2.809041001796722412e+02,4.000739999999999852e-01,1.889849999999999879e-08
2.810910136699676514e+02,4.000799999999999912e-01,1.812530000000000151e-08
2.812773239612579346e+02,4.000750000000000139e-01,1.722080000000000158e-08
2.814641768932342529e+02,4.000779999999999892e-01,1.854049999999999982e-08
2.816529858112335205e+02,4.000739999999999852e-01,1.730819999999999944e-08
2.818406736850738525e+02,4.000710000000000099e-01,1.809660000000000139e-08
2.820288052558898926e+02,4.000739999999999852e-01,1.766550000000000026e-08
2.822156844139099121e+02,4.000790000000000179e-01,1.712240000000000117e-08
2.824172351360321045e+02,4.000739999999999852e-01,1.715679999999999849e-08
2.826031949520111084e+02,4.000719999999999832e-01,1.896450000000000084e-08
2.827907090187072754e+02,4.000759999999999872e-01,1.668259999999999945e-08
2.829787328243255615e+02,4.000739999999999852e-01,1.736500000000000032e-08
2.831671097278594971e+02,4.000730000000000119e-01,1.672240000000000090e-08
2.833572461605072021e+02,4.000750000000000139e-01,1.712620000000000151e-08
2.835473706722259521e+02,4.000699999999999812e-01,1.671280000000000126e-08
2.837374618053436279e+02,4.000679999999999792e-01,1.863949999999999958e-08
2.839246535301208496e+02,4.000739999999999852e-01,1.862760000000000131e-08
2.841154441833496094e+02,4.000750000000000139e-01,1.768529999999999889e-08
2.843032374382019043e+02,4.000779999999999892e-01,1.825459999999999857e-08
2.844467623233795166e+02,4.000679999999999792e-01,1.091640000000000006e-08
