# Fri Nov  3 19:51:21 2023
#  Tiempo remanente [s], Voltaje remanente [V], Corriente remanente [A]
#  V=-3.3, Tmax=0, Twrite=0.1, Tread=0.1, hslV=0.4, T1 = 0.01, T2 = 0.01, nplc=0.5, Nfire=675, ratioRth=0.2, Rth=9473738.62410976, Nth=50
3.886883258819580078e-01,4.000440000000000107e-01,1.165389999999999922e-08
7.790210247039794922e-01,4.000639999999999752e-01,1.067590000000000033e-08
1.167674064636230469e+00,4.000480000000000147e-01,9.146740000000000614e-09
1.558873653411865234e+00,4.000619999999999732e-01,1.223559999999999940e-08
1.947258234024047852e+00,4.000480000000000147e-01,8.777979999999999501e-09
2.321978569030761719e+00,4.000569999999999959e-01,7.499240000000000255e-09
2.713279008865356445e+00,4.000509999999999899e-01,1.490619999999999884e-08
3.088828325271606445e+00,4.000429999999999819e-01,9.659099999999999453e-09
3.482833385467529297e+00,4.000480000000000147e-01,7.012699999999999989e-09
3.871917247772216797e+00,4.000460000000000127e-01,1.389970000000000071e-08
4.264666795730590820e+00,4.000549999999999939e-01,6.226339999999999822e-09
4.654998302459716797e+00,4.000589999999999979e-01,1.579639999999999976e-08
5.044196128845214844e+00,4.000540000000000207e-01,6.090519999999999767e-09
5.436116456985473633e+00,4.000600000000000267e-01,1.527510000000000157e-08
5.823109626770019531e+00,4.000609999999999999e-01,7.660719999999999991e-09
6.200132369995117188e+00,4.000659999999999772e-01,1.174610000000000021e-08
6.575999498367309570e+00,4.000520000000000187e-01,1.617880000000000125e-08
6.967115879058837891e+00,4.000480000000000147e-01,7.108940000000000062e-09
7.339183092117309570e+00,4.000569999999999959e-01,1.455610000000000022e-08
7.728009939193725586e+00,4.000420000000000087e-01,7.850369999999999641e-09
8.118119716644287109e+00,4.000569999999999959e-01,1.526459999999999959e-08
8.495414257049560547e+00,4.000449999999999839e-01,1.642790000000000114e-08
8.872951030731201172e+00,4.000520000000000187e-01,1.318939999999999997e-08
9.261077165603637695e+00,4.000670000000000059e-01,1.303530000000000026e-08
9.651084661483764648e+00,4.000409999999999799e-01,9.513749999999999743e-09
1.004103827476501465e+01,4.000609999999999999e-01,1.421540000000000036e-08
1.042923474311828613e+01,4.000500000000000167e-01,8.353589999999999895e-09
1.082137560844421387e+01,4.000600000000000267e-01,1.324910000000000050e-08
1.121027278900146484e+01,4.000469999999999859e-01,7.660459999999999828e-09
1.159919977188110352e+01,4.000580000000000247e-01,1.378209999999999938e-08
1.197805213928222656e+01,4.000549999999999939e-01,1.552979999999999987e-08
1.236898112297058105e+01,4.000529999999999919e-01,6.268799999999999694e-09
1.275811266899108887e+01,4.000589999999999979e-01,1.590339999999999866e-08
1.314715814590454102e+01,4.000560000000000227e-01,5.516280000000000311e-09
1.353681755065917969e+01,4.000480000000000147e-01,1.468880000000000081e-08
1.391152024269104004e+01,4.000489999999999879e-01,7.583069999999999954e-09
1.428711271286010742e+01,4.000619999999999732e-01,7.780750000000000040e-09
1.467742443084716797e+01,4.000520000000000187e-01,1.482779999999999961e-08
1.507018184661865234e+01,4.000540000000000207e-01,6.719290000000000275e-09
1.547486567497253418e+01,4.000549999999999939e-01,1.100259999999999921e-08
1.586245751380920410e+01,4.000619999999999732e-01,1.471579999999999999e-08
1.625276851654052734e+01,4.000480000000000147e-01,8.115049999999999599e-09
1.662426543235778809e+01,4.000659999999999772e-01,1.121930000000000074e-08
1.701938700675964355e+01,4.000500000000000167e-01,1.524959999999999912e-08
1.740852284431457520e+01,4.000609999999999999e-01,7.345910000000000330e-09
1.779819917678833008e+01,4.000489999999999879e-01,1.392570000000000042e-08
1.818918681144714355e+01,4.000529999999999919e-01,5.250629999999999683e-09
1.856599473953247070e+01,4.000670000000000059e-01,9.881310000000000488e-09
1.896019268035888672e+01,4.000589999999999979e-01,1.488149999999999995e-08
1.935438609123229980e+01,4.000509999999999899e-01,9.634629999999999433e-09
1.973424100875854492e+01,4.000520000000000187e-01,7.882830000000000581e-09
2.011029148101806641e+01,4.000540000000000207e-01,5.820460000000000392e-09
2.050520110130310059e+01,4.000619999999999732e-01,1.003259999999999946e-08
2.089708733558654785e+01,4.000449999999999839e-01,1.352809999999999922e-08
2.128968930244445801e+01,4.000589999999999979e-01,6.214000000000000255e-09
2.166225767135620117e+01,4.000540000000000207e-01,1.412790000000000040e-08
2.205739283561706543e+01,4.000509999999999899e-01,1.401660000000000059e-08
2.243518209457397461e+01,4.000500000000000167e-01,1.204600000000000080e-08
2.281711053848266602e+01,4.000580000000000247e-01,1.472919999999999997e-08
2.320608949661254883e+01,4.000639999999999752e-01,7.826650000000000471e-09
2.358048343658447266e+01,4.000569999999999959e-01,1.458520000000000046e-08
2.397187066078186035e+01,4.000509999999999899e-01,8.899529999999999355e-09
2.435019207000732422e+01,4.000560000000000227e-01,6.720730000000000221e-09
2.474011111259460449e+01,4.000630000000000019e-01,1.426010000000000042e-08
2.512983345985412598e+01,4.000560000000000227e-01,6.346330000000000355e-09
2.551888799667358398e+01,4.000569999999999959e-01,1.452809999999999991e-08
2.590917396545410156e+01,4.000529999999999919e-01,5.975510000000000182e-09
2.629952764511108398e+01,4.000659999999999772e-01,1.317289999999999946e-08
2.667733192443847656e+01,4.000569999999999959e-01,1.436229999999999951e-08
2.706776499748229980e+01,4.000540000000000207e-01,5.400879999999999655e-09
2.744702124595642090e+01,4.000619999999999732e-01,5.152150000000000246e-09
2.784026026725769043e+01,4.000779999999999892e-01,1.120960000000000066e-08
2.823320293426513672e+01,4.000560000000000227e-01,1.342110000000000032e-08
2.862323737144470215e+01,4.000690000000000079e-01,6.535570000000000004e-09
2.901350498199462891e+01,4.000569999999999959e-01,1.425359999999999967e-08
2.940097212791442871e+01,4.000670000000000059e-01,8.221539999999999715e-09
2.979128575325012207e+01,4.000520000000000187e-01,1.275479999999999984e-08
3.016589570045471191e+01,4.000580000000000247e-01,7.160940000000000296e-09
3.057118964195251465e+01,4.000630000000000019e-01,1.423199999999999966e-08
3.096429419517517090e+01,4.000560000000000227e-01,6.105650000000000314e-09
3.134068775177001953e+01,4.000639999999999752e-01,6.112000000000000401e-09
3.171831297874450684e+01,4.000690000000000079e-01,8.321270000000000569e-09
3.209707045555114746e+01,4.000659999999999772e-01,9.712659999999999835e-09
3.248482942581176758e+01,4.000520000000000187e-01,9.159910000000000063e-09
3.286314916610717773e+01,4.000520000000000187e-01,7.375219999999999684e-09
3.323598885536193848e+01,4.000690000000000079e-01,1.003720000000000004e-08
3.362215256690979004e+01,4.000560000000000227e-01,6.810700000000000066e-09
3.400005769729614258e+01,4.000600000000000267e-01,5.655380000000000379e-09
3.439123320579528809e+01,4.000679999999999792e-01,1.420910000000000049e-08
3.478127360343933105e+01,4.000569999999999959e-01,6.708929999999999910e-09
3.517026114463806152e+01,4.000690000000000079e-01,1.384399999999999976e-08
3.556352543830871582e+01,4.000560000000000227e-01,9.048160000000000733e-09
3.595324754714965820e+01,4.000810000000000199e-01,9.987960000000000321e-09
3.633926248550415039e+01,4.000659999999999772e-01,6.065309999999999603e-09
3.673132276535034180e+01,4.000779999999999892e-01,1.307070000000000037e-08
3.711815810203552246e+01,4.000690000000000079e-01,5.690629999999999818e-09
3.749425745010375977e+01,4.000759999999999872e-01,8.804680000000000660e-09
3.786819100379943848e+01,4.000670000000000059e-01,1.465520000000000043e-08
3.826070165634155273e+01,4.000639999999999752e-01,6.851770000000000215e-09
3.863436651229858398e+01,4.000750000000000139e-01,8.237600000000000588e-09
3.902353572845458984e+01,4.000619999999999732e-01,1.180910000000000051e-08
3.941323781013488770e+01,4.000759999999999872e-01,9.336930000000000347e-09
3.979013657569885254e+01,4.000690000000000079e-01,1.381320000000000023e-08
4.016675329208374023e+01,4.000639999999999752e-01,1.505349999999999977e-08
4.054497742652893066e+01,4.000589999999999979e-01,1.394189999999999959e-08
4.092321181297302246e+01,4.000560000000000227e-01,1.135379999999999940e-08
4.131365990638732910e+01,4.000690000000000079e-01,8.308010000000000554e-09
4.170406055450439453e+01,4.000580000000000247e-01,1.271979999999999985e-08
4.208176636695861816e+01,4.000529999999999919e-01,9.362999999999999204e-09
4.247661089897155762e+01,4.000600000000000267e-01,5.219379999999999816e-09
4.285487771034240723e+01,4.000719999999999832e-01,6.835500000000000229e-09
4.324832916259765625e+01,4.000619999999999732e-01,1.442320000000000040e-08
4.362487101554870605e+01,4.000520000000000187e-01,1.282050000000000055e-08
4.400345635414123535e+01,4.000529999999999919e-01,1.078470000000000061e-08
4.438198208808898926e+01,4.000469999999999859e-01,8.773169999999999804e-09
4.476366710662841797e+01,4.000509999999999899e-01,1.175229999999999963e-08
4.514344692230224609e+01,4.000520000000000187e-01,1.114510000000000032e-08
4.552347445487976074e+01,4.000400000000000067e-01,5.800020000000000409e-09
4.593345165252685547e+01,4.000580000000000247e-01,9.889189999999999431e-09
4.630891346931457520e+01,4.000549999999999939e-01,1.455369999999999949e-08
4.670205473899841309e+01,4.000480000000000147e-01,8.000479999999999653e-09
4.709163880348205566e+01,4.000600000000000267e-01,1.293070000000000044e-08
4.748229384422302246e+01,4.000489999999999879e-01,8.658079999999999533e-09
4.785491704940795898e+01,4.000469999999999859e-01,1.284449999999999964e-08
4.826388764381408691e+01,4.000429999999999819e-01,1.029310000000000037e-08
4.864125156402587891e+01,4.000440000000000107e-01,6.392290000000000060e-09
4.903078031539916992e+01,4.000509999999999899e-01,1.405190000000000025e-08
4.942028260231018066e+01,4.000500000000000167e-01,5.529799999999999661e-09
4.980972504615783691e+01,4.000569999999999959e-01,1.429960000000000054e-08
5.020106816291809082e+01,4.000500000000000167e-01,5.594480000000000310e-09
5.057930493354797363e+01,4.000529999999999919e-01,5.384409999999999607e-09
5.095802950859069824e+01,4.000639999999999752e-01,6.149089999999999907e-09
5.134914207458496094e+01,4.000560000000000227e-01,1.452759999999999934e-08
5.173809242248535156e+01,4.000639999999999752e-01,6.033559999999999997e-09
5.212916064262390137e+01,4.000549999999999939e-01,1.431340000000000064e-08
5.251839470863342285e+01,4.000630000000000019e-01,5.285839999999999606e-09
5.290750312805175781e+01,4.000480000000000147e-01,1.340630000000000074e-08
5.329857468605041504e+01,4.000600000000000267e-01,5.996220000000000207e-09
5.367433881759643555e+01,4.000600000000000267e-01,1.056130000000000074e-08
5.405016136169433594e+01,4.000580000000000247e-01,1.433760000000000062e-08
5.444028568267822266e+01,4.000500000000000167e-01,5.438290000000000253e-09
5.481910705566406250e+01,4.000529999999999919e-01,5.392970000000000248e-09
5.519600915908813477e+01,4.000609999999999999e-01,8.829830000000000723e-09
5.558689618110656738e+01,4.000469999999999859e-01,1.276399999999999935e-08
5.597811341285705566e+01,4.000589999999999979e-01,5.786350000000000393e-09
5.635119295120239258e+01,4.000589999999999979e-01,1.381330000000000068e-08
5.674176001548767090e+01,4.000480000000000147e-01,6.452999999999999947e-09
5.713156557083129883e+01,4.000609999999999999e-01,1.375360000000000015e-08
5.750648593902587891e+01,4.000520000000000187e-01,1.288349999999999920e-08
5.788517594337463379e+01,4.000440000000000107e-01,1.049439999999999966e-08
5.826119041442871094e+01,4.000449999999999839e-01,6.108940000000000206e-09
5.863615465164184570e+01,4.000639999999999752e-01,7.453730000000000068e-09
5.901534867286682129e+01,4.000609999999999999e-01,8.411969999999999852e-09
5.940313053131103516e+01,4.000500000000000167e-01,7.665610000000000374e-09
5.978071904182434082e+01,4.000489999999999879e-01,5.321999999999999613e-09
6.015770745277404785e+01,4.000549999999999939e-01,5.650260000000000297e-09
6.055039596557617188e+01,4.000449999999999839e-01,1.215250000000000079e-08
6.095770931243896484e+01,4.000529999999999919e-01,6.243460000000000275e-09
6.133521533012390137e+01,4.000619999999999732e-01,9.311250000000000080e-09
6.172505569458007812e+01,4.000489999999999879e-01,9.732339999999999915e-09
6.210110187530517578e+01,4.000460000000000127e-01,5.426660000000000366e-09
6.249294209480285645e+01,4.000589999999999979e-01,1.331720000000000029e-08
6.286907672882080078e+01,4.000529999999999919e-01,1.327150000000000075e-08
6.325917100906372070e+01,4.000560000000000227e-01,6.046660000000000293e-09
6.363361454010009766e+01,4.000520000000000187e-01,1.310980000000000037e-08
6.402280473709106445e+01,4.000489999999999879e-01,5.668250000000000149e-09
6.441228055953979492e+01,4.000630000000000019e-01,1.413709999999999991e-08
6.480233693122863770e+01,4.000540000000000207e-01,4.993710000000000119e-09
6.519084095954895020e+01,4.000529999999999919e-01,1.360170000000000029e-08
6.558287310600280762e+01,4.000529999999999919e-01,4.987060000000000354e-09
6.596909475326538086e+01,4.000469999999999859e-01,1.079309999999999988e-08
6.635568118095397949e+01,4.000589999999999979e-01,1.278800000000000009e-08
6.673134160041809082e+01,4.000540000000000207e-01,1.296849999999999963e-08
6.710838627815246582e+01,4.000480000000000147e-01,7.984609999999999789e-09
6.748520374298095703e+01,4.000549999999999939e-01,4.641400000000000123e-09
6.787592935562133789e+01,4.000619999999999732e-01,1.364010000000000049e-08
6.826454281806945801e+01,4.000639999999999752e-01,5.417510000000000248e-09
6.863972711563110352e+01,4.000670000000000059e-01,1.185110000000000016e-08
6.901818752288818359e+01,4.000639999999999752e-01,1.323779999999999993e-08
6.940821337699890137e+01,4.000540000000000207e-01,5.102100000000000403e-09
6.979712080955505371e+01,4.000549999999999939e-01,1.381180000000000063e-08
7.017123675346374512e+01,4.000489999999999879e-01,5.387650000000000105e-09
7.056020665168762207e+01,4.000619999999999732e-01,1.373090000000000022e-08
7.093717980384826660e+01,4.000549999999999939e-01,1.244730000000000023e-08
7.132710814476013184e+01,4.000650000000000039e-01,6.124749999999999969e-09
7.170351052284240723e+01,4.000600000000000267e-01,1.283479999999999956e-08
7.209687209129333496e+01,4.000540000000000207e-01,9.642050000000000634e-09
7.247206640243530273e+01,4.000609999999999999e-01,4.865969999999999896e-09
7.284947419166564941e+01,4.000639999999999752e-01,6.589620000000000246e-09
7.322681689262390137e+01,4.000730000000000119e-01,1.120240000000000011e-08
7.360434365272521973e+01,4.000609999999999999e-01,1.359069999999999940e-08
7.397892761230468750e+01,4.000549999999999939e-01,9.691929999999999225e-09
7.437183833122253418e+01,4.000659999999999772e-01,6.176039999999999695e-09
7.476306557655334473e+01,4.000549999999999939e-01,1.312829999999999984e-08
7.513839077949523926e+01,4.000500000000000167e-01,6.756449999999999762e-09
7.552824139595031738e+01,4.000650000000000039e-01,1.254989999999999944e-08
7.593529677391052246e+01,4.000690000000000079e-01,4.910050000000000017e-09
7.631314945220947266e+01,4.000759999999999872e-01,7.201430000000000019e-09
7.668629097938537598e+01,4.000699999999999812e-01,1.409489999999999938e-08
7.708022952079772949e+01,4.000609999999999999e-01,7.469950000000000659e-09
7.747135424613952637e+01,4.000750000000000139e-01,1.075689999999999953e-08
7.786027765274047852e+01,4.000529999999999919e-01,7.237660000000000006e-09
7.825261092185974121e+01,4.000730000000000119e-01,9.296379999999999696e-09
7.863087630271911621e+01,4.000730000000000119e-01,1.152040000000000005e-08
7.902215671539306641e+01,4.000529999999999919e-01,8.529839999999999570e-09
7.941328883171081543e+01,4.000739999999999852e-01,8.190430000000000636e-09
7.980238080024719238e+01,4.000540000000000207e-01,9.531099999999999895e-09
8.018024110794067383e+01,4.000520000000000187e-01,5.992250000000000271e-09
8.055703091621398926e+01,4.000639999999999752e-01,4.741050000000000291e-09
8.094683861732482910e+01,4.000619999999999732e-01,1.365990000000000077e-08
8.133451628684997559e+01,4.000739999999999852e-01,6.533609999999999734e-09
8.172543263435363770e+01,4.000560000000000227e-01,1.248900000000000020e-08
8.211611437797546387e+01,4.000659999999999772e-01,4.874189999999999688e-09
8.249386096000671387e+01,4.000799999999999912e-01,7.542369999999999464e-09
8.286752343177795410e+01,4.000650000000000039e-01,1.391560000000000021e-08
8.326028442382812500e+01,4.000569999999999959e-01,7.405219999999999787e-09
8.363627815246582031e+01,4.000690000000000079e-01,5.008660000000000362e-09
8.402498531341552734e+01,4.000609999999999999e-01,1.364310000000000058e-08
8.441150641441345215e+01,4.000759999999999872e-01,8.840449999999999597e-09
8.479111957550048828e+01,4.000699999999999812e-01,9.283050000000000529e-09
8.516495943069458008e+01,4.000639999999999752e-01,1.387700000000000078e-08
8.555238485336303711e+01,4.000670000000000059e-01,7.423749999999999722e-09
8.594072079658508301e+01,4.000549999999999939e-01,1.075839999999999958e-08
8.633597326278686523e+01,4.000609999999999999e-01,5.199619999999999876e-09
8.672623372077941895e+01,4.000690000000000079e-01,1.335750000000000066e-08
8.712015628814697266e+01,4.000560000000000227e-01,1.043460000000000034e-08
8.749564790725708008e+01,4.000569999999999959e-01,5.660619999999999835e-09
8.788541603088378906e+01,4.000719999999999832e-01,1.271039999999999945e-08
8.826041531562805176e+01,4.000619999999999732e-01,1.215800000000000041e-08
8.865028190612792969e+01,4.000750000000000139e-01,6.858149999999999938e-09
8.902718639373779297e+01,4.000719999999999832e-01,1.072379999999999972e-08
8.941379356384277344e+01,4.000630000000000019e-01,5.380180000000000337e-09
8.980537772178649902e+01,4.000779999999999892e-01,1.234999999999999975e-08
9.017911505699157715e+01,4.000630000000000019e-01,1.254589999999999987e-08
9.056876015663146973e+01,4.000730000000000119e-01,7.063009999999999994e-09
9.097312760353088379e+01,4.000650000000000039e-01,5.791630000000000193e-09
9.136448097229003906e+01,4.000770000000000159e-01,1.263859999999999976e-08
9.175608754158020020e+01,4.000560000000000227e-01,9.378269999999999710e-09
9.213289952278137207e+01,4.000580000000000247e-01,5.778100000000000137e-09
9.251258540153503418e+01,4.000580000000000247e-01,5.437589999999999624e-09
9.290137958526611328e+01,4.000699999999999812e-01,1.396569999999999945e-08
9.329110622406005859e+01,4.000699999999999812e-01,4.740049999999999984e-09
9.368124151229858398e+01,4.000699999999999812e-01,1.413589999999999954e-08
9.407002925872802734e+01,4.000719999999999832e-01,5.118609999999999967e-09
9.445673227310180664e+01,4.000630000000000019e-01,1.075579999999999961e-08
9.484713554382324219e+01,4.000699999999999812e-01,8.159550000000000428e-09
9.522516202926635742e+01,4.000739999999999852e-01,1.128890000000000059e-08
9.560599946975708008e+01,4.000690000000000079e-01,1.008099999999999941e-08
9.599568343162536621e+01,4.000589999999999979e-01,8.225809999999999329e-09
9.636851072311401367e+01,4.000739999999999852e-01,6.988480000000000252e-09
9.676196980476379395e+01,4.000639999999999752e-01,1.382389999999999979e-08
9.713847208023071289e+01,4.000589999999999979e-01,1.150560000000000047e-08
9.753244209289550781e+01,4.000619999999999732e-01,5.011509999999999789e-09
9.790874266624450684e+01,4.000710000000000099e-01,7.797869999999999667e-09
9.829918527603149414e+01,4.000569999999999959e-01,1.141049999999999984e-08
9.868835759162902832e+01,4.000770000000000159e-01,9.613439999999999427e-09
9.907735157012939453e+01,4.000549999999999939e-01,7.714020000000000210e-09
9.946758341789245605e+01,4.000730000000000119e-01,1.130439999999999996e-08
9.984316110610961914e+01,4.000670000000000059e-01,1.378109999999999990e-08
1.002338895797729492e+02,4.000659999999999772e-01,5.033430000000000061e-09
1.006236138343811035e+02,4.000619999999999732e-01,1.329239999999999930e-08
1.009990100860595703e+02,4.000549999999999939e-01,6.896760000000000077e-09
1.013751056194305420e+02,4.000650000000000039e-01,4.835310000000000335e-09
1.017635591030120850e+02,4.000619999999999732e-01,1.288980000000000071e-08
1.021388263702392578e+02,4.000600000000000267e-01,5.982909999999999971e-09
1.025169534683227539e+02,4.000569999999999959e-01,4.813129999999999901e-09
1.029067323207855225e+02,4.000609999999999999e-01,1.373009999999999997e-08
1.032816970348358154e+02,4.000560000000000227e-01,9.195160000000000329e-09
1.036716103553771973e+02,4.000739999999999852e-01,1.139699999999999942e-08
1.040498893260955811e+02,4.000719999999999832e-01,1.316380000000000039e-08
1.044422981739044189e+02,4.000589999999999979e-01,8.097289999999999446e-09
1.048218126296997070e+02,4.000639999999999752e-01,6.896849999999999815e-09
1.052001621723175049e+02,4.000659999999999772e-01,5.309990000000000189e-09
1.055774085521697998e+02,4.000710000000000099e-01,5.194379999999999593e-09
1.059547746181488037e+02,4.000659999999999772e-01,1.147250000000000066e-08
1.063491780757904053e+02,4.000630000000000019e-01,1.367810000000000057e-08
1.067431011199951172e+02,4.000480000000000147e-01,8.381450000000000251e-09
1.071212482452392578e+02,4.000500000000000167e-01,6.123409999999999640e-09
1.074981603622436523e+02,4.000589999999999979e-01,4.948959999999999834e-09
1.078870956897735596e+02,4.000549999999999939e-01,1.228320000000000076e-08
1.082779014110565186e+02,4.000619999999999732e-01,5.115850000000000278e-09
1.086524410247802734e+02,4.000630000000000019e-01,1.186279999999999919e-08
1.090470016002655029e+02,4.000509999999999899e-01,1.286719999999999957e-08
1.094402847290039062e+02,4.000489999999999879e-01,4.792149999999999835e-09
1.098145921230316162e+02,4.000699999999999812e-01,8.127800000000000822e-09
1.102082870006561279e+02,4.000630000000000019e-01,1.356220000000000017e-08
1.105824830532073975e+02,4.000529999999999919e-01,7.004029999999999852e-09
1.109702830314636230e+02,4.000690000000000079e-01,1.332009999999999994e-08
1.113609409332275391e+02,4.000489999999999879e-01,5.790089999999999803e-09
1.117482864856719971e+02,4.000529999999999919e-01,1.393100000000000080e-08
1.121372148990631104e+02,4.000549999999999939e-01,5.871759999999999998e-09
1.125254166126251221e+02,4.000449999999999839e-01,1.262849999999999956e-08
1.129134886264801025e+02,4.000580000000000247e-01,8.347979999999999952e-09
1.133039641380310059e+02,4.000509999999999899e-01,1.144220000000000005e-08
1.136804900169372559e+02,4.000460000000000127e-01,7.160039999999999606e-09
1.140692088603973389e+02,4.000619999999999732e-01,1.289640000000000026e-08
1.144592688083648682e+02,4.000469999999999859e-01,6.212100000000000086e-09
1.148494870662689209e+02,4.000630000000000019e-01,1.128810000000000034e-08
1.152281703948974609e+02,4.000630000000000019e-01,1.240940000000000060e-08
1.156155204772949219e+02,4.000529999999999919e-01,4.702220000000000333e-09
1.160061619281768799e+02,4.000569999999999959e-01,1.365039999999999993e-08
1.163813791275024414e+02,4.000540000000000207e-01,1.177309999999999939e-08
1.167713971138000488e+02,4.000699999999999812e-01,5.906649999999999657e-09
1.171450154781341553e+02,4.000560000000000227e-01,1.335909999999999950e-08
1.175343198776245117e+02,4.000489999999999879e-01,4.768340000000000100e-09
1.179085767269134521e+02,4.000619999999999732e-01,7.577899999999999650e-09
1.183016986846923828e+02,4.000589999999999979e-01,1.341470000000000001e-08
1.186927742958068848e+02,4.000520000000000187e-01,4.576390000000000158e-09
1.190822422504425049e+02,4.000549999999999939e-01,1.353760000000000007e-08
1.194691834449768066e+02,4.000589999999999979e-01,4.700229999999999598e-09
1.198442389965057373e+02,4.000580000000000247e-01,1.093259999999999924e-08
1.202334480285644531e+02,4.000500000000000167e-01,6.783369999999999913e-09
1.206258797645568848e+02,4.000650000000000039e-01,8.247290000000000789e-09
1.210200424194335938e+02,4.000429999999999819e-01,1.139629999999999962e-08
1.214160931110382080e+02,4.000400000000000067e-01,1.148859999999999939e-08
1.218082461357116699e+02,4.000480000000000147e-01,4.739840000000000043e-09
1.221861708164215088e+02,4.000600000000000267e-01,5.753060000000000397e-09
1.225761275291442871e+02,4.000529999999999919e-01,1.256090000000000033e-08
1.229682853221893311e+02,4.000529999999999919e-01,4.570220000000000375e-09
1.233582301139831543e+02,4.000569999999999959e-01,1.338880000000000075e-08
1.237472362518310547e+02,4.000500000000000167e-01,4.607649999999999903e-09
1.241392705440521240e+02,4.000639999999999752e-01,1.298159999999999992e-08
1.245289862155914307e+02,4.000569999999999959e-01,5.518449999999999695e-09
1.249171910285949707e+02,4.000650000000000039e-01,1.362359999999999998e-08
1.252933082580566406e+02,4.000500000000000167e-01,1.177579999999999981e-08
1.256699907779693604e+02,4.000529999999999919e-01,7.697490000000000061e-09
1.260601701736450195e+02,4.000670000000000059e-01,1.097830000000000044e-08
1.264484789371490479e+02,4.000480000000000147e-01,5.903689999999999907e-09
1.268394165039062500e+02,4.000699999999999812e-01,1.109909999999999944e-08
1.272349953651428223e+02,4.000529999999999919e-01,1.335309999999999931e-08
1.276113131046295166e+02,4.000509999999999899e-01,9.878679999999999226e-09
1.279996376037597656e+02,4.000670000000000059e-01,9.725330000000000371e-09
1.283739638328552246e+02,4.000529999999999919e-01,1.308429999999999958e-08
1.287637629508972168e+02,4.000619999999999732e-01,4.776719999999999610e-09
1.291533489227294922e+02,4.000549999999999939e-01,1.323479999999999983e-08
1.295304005146026611e+02,4.000489999999999879e-01,9.397529999999999911e-09
1.299171574115753174e+02,4.000670000000000059e-01,1.281649999999999932e-08
1.302940888404846191e+02,4.000580000000000247e-01,1.342609999999999937e-08
1.306712813377380371e+02,4.000529999999999919e-01,1.153399999999999925e-08
1.310611689090728760e+02,4.000609999999999999e-01,7.582080000000000353e-09
1.314521126747131348e+02,4.000509999999999899e-01,1.208240000000000038e-08
1.318435232639312744e+02,4.000520000000000187e-01,5.092060000000000302e-09
1.322324144840240479e+02,4.000500000000000167e-01,1.314239999999999961e-08
1.326224629878997803e+02,4.000589999999999979e-01,5.625990000000000339e-09
1.330131542682647705e+02,4.000500000000000167e-01,1.377410000000000024e-08
1.334032623767852783e+02,4.000540000000000207e-01,4.949530000000000381e-09
1.337920095920562744e+02,4.000449999999999839e-01,1.296120000000000028e-08
1.341689870357513428e+02,4.000480000000000147e-01,8.303390000000000213e-09
1.345449111461639404e+02,4.000460000000000127e-01,5.194960000000000019e-09
1.349322154521942139e+02,4.000489999999999879e-01,1.331950000000000059e-08
1.353187513351440430e+02,4.000589999999999979e-01,9.961519999999999325e-09
1.357102785110473633e+02,4.000460000000000127e-01,1.150080000000000065e-08
1.360998668670654297e+02,4.000509999999999899e-01,1.176039999999999922e-08
1.365087807178497314e+02,4.000480000000000147e-01,9.256219999999999289e-09
1.368960981369018555e+02,4.000560000000000227e-01,1.292939999999999963e-08
1.372881054878234863e+02,4.000449999999999839e-01,8.504760000000000314e-09
1.376681129932403564e+02,4.000480000000000147e-01,8.265329999999999209e-09
1.380630598068237305e+02,4.000580000000000247e-01,5.033480000000000283e-09
1.384523577690124512e+02,4.000549999999999939e-01,1.353950000000000024e-08
1.388422129154205322e+02,4.000560000000000227e-01,5.016719999999999608e-09
1.392182064056396484e+02,4.000549999999999939e-01,1.053330000000000043e-08
1.396083076000213623e+02,4.000420000000000087e-01,8.334710000000000059e-09
1.399844379425048828e+02,4.000449999999999839e-01,4.982630000000000195e-09
1.403778495788574219e+02,4.000509999999999899e-01,1.041029999999999992e-08
1.407525417804718018e+02,4.000469999999999859e-01,1.347220000000000069e-08
1.411312396526336670e+02,4.000420000000000087e-01,1.208940000000000005e-08
1.415237841606140137e+02,4.000469999999999859e-01,4.932019999999999684e-09
1.419042778015136719e+02,4.000480000000000147e-01,4.303349999999999620e-09
1.422817566394805908e+02,4.000549999999999939e-01,6.202489999999999744e-09
1.426585900783538818e+02,4.000619999999999732e-01,9.910330000000000042e-09
1.430475800037384033e+02,4.000409999999999799e-01,6.715190000000000258e-09
1.434256389141082764e+02,4.000429999999999819e-01,5.091190000000000076e-09
1.438171150684356689e+02,4.000589999999999979e-01,1.236200000000000012e-08
1.442060177326202393e+02,4.000409999999999799e-01,5.119509999999999829e-09
1.445949912071228027e+02,4.000500000000000167e-01,1.377179999999999994e-08
1.449841601848602295e+02,4.000489999999999879e-01,4.799280000000000409e-09
1.453754584789276123e+02,4.000529999999999919e-01,1.372240000000000051e-08
1.457480931282043457e+02,4.000409999999999799e-01,6.389560000000000009e-09
1.461212415695190430e+02,4.000580000000000247e-01,7.947739999999999275e-09
1.464994437694549561e+02,4.000580000000000247e-01,1.076420000000000053e-08
1.468881127834320068e+02,4.000429999999999819e-01,6.476679999999999600e-09
1.472790956497192383e+02,4.000600000000000267e-01,1.154479999999999926e-08
1.476602835655212402e+02,4.000589999999999979e-01,9.024579999999999870e-09
1.480385215282440186e+02,4.000609999999999999e-01,1.204630000000000047e-08
1.484261124134063721e+02,4.000609999999999999e-01,4.542979999999999960e-09
1.488190479278564453e+02,4.000619999999999732e-01,1.219209999999999970e-08
1.491925942897796631e+02,4.000489999999999879e-01,1.014380000000000048e-08
1.495831704139709473e+02,4.000609999999999999e-01,7.774639999999999531e-09
1.499724204540252686e+02,4.000460000000000127e-01,9.697379999999999449e-09
1.503510987758636475e+02,4.000389999999999779e-01,7.984540000000000636e-09
1.507302818298339844e+02,4.000420000000000087e-01,6.952509999999999600e-09
1.511210193634033203e+02,4.000569999999999959e-01,1.028530000000000045e-08
1.515309731960296631e+02,4.000580000000000247e-01,7.506170000000000767e-09
1.519072237014770508e+02,4.000580000000000247e-01,4.588500000000000026e-09
1.522998030185699463e+02,4.000690000000000079e-01,1.279339999999999927e-08
1.526884176731109619e+02,4.000569999999999959e-01,5.222679999999999588e-09
1.530671713352203369e+02,4.000560000000000227e-01,5.051489999999999893e-09
1.534565851688385010e+02,4.000580000000000247e-01,1.346240000000000016e-08
1.538464994430541992e+02,4.000670000000000059e-01,5.415610000000000079e-09
1.542236552238464355e+02,4.000739999999999852e-01,9.400500000000000367e-09
1.545960705280303955e+02,4.000529999999999919e-01,1.240239999999999928e-08
1.549871289730072021e+02,4.000670000000000059e-01,5.268319999999999856e-09
1.553620824813842773e+02,4.000739999999999852e-01,1.142850000000000039e-08
1.557512404918670654e+02,4.000569999999999959e-01,6.059829999999999742e-09
1.561281576156616211e+02,4.000699999999999812e-01,4.613700000000000312e-09
1.565158998966217041e+02,4.000589999999999979e-01,1.196759999999999991e-08
1.569064528942108154e+02,4.000710000000000099e-01,5.689049999999999912e-09
1.572961053848266602e+02,4.000609999999999999e-01,1.257440000000000075e-08
1.576730146408081055e+02,4.000500000000000167e-01,7.815669999999999337e-09
1.580659990310668945e+02,4.000750000000000139e-01,6.555209999999999742e-09
1.584442188739776611e+02,4.000719999999999832e-01,8.602200000000000755e-09
1.588352293968200684e+02,4.000589999999999979e-01,1.168250000000000055e-08
1.592255108356475830e+02,4.000759999999999872e-01,6.756779999999999905e-09
1.596002011299133301e+02,4.000679999999999792e-01,1.280129999999999962e-08
1.599883155822753906e+02,4.000659999999999772e-01,4.706530000000000290e-09
1.603630061149597168e+02,4.000690000000000079e-01,9.732809999999999191e-09
1.607381682395935059e+02,4.000600000000000267e-01,1.357870000000000068e-08
1.611122457981109619e+02,4.000560000000000227e-01,8.316610000000000711e-09
1.615041513442993164e+02,4.000730000000000119e-01,7.654910000000000814e-09
1.618826313018798828e+02,4.000699999999999812e-01,8.973430000000000103e-09
1.622598433494567871e+02,4.000730000000000119e-01,1.234139999999999959e-08
1.626512110233306885e+02,4.000529999999999919e-01,8.181140000000000557e-09
1.630283119678497314e+02,4.000560000000000227e-01,5.581970000000000319e-09
1.634070179462432861e+02,4.000609999999999999e-01,4.824539999999999968e-09
1.637886974811553955e+02,4.000520000000000187e-01,6.258920000000000137e-09
1.641655833721160889e+02,4.000580000000000247e-01,3.977809999999999936e-09
1.645575747489929199e+02,4.000639999999999752e-01,1.263270000000000002e-08
1.649515368938446045e+02,4.000630000000000019e-01,1.150810000000000000e-08
1.653315832614898682e+02,4.000589999999999979e-01,1.162590000000000056e-08
1.657229495048522949e+02,4.000679999999999792e-01,4.821129999999999873e-09
1.661028397083282471e+02,4.000659999999999772e-01,4.609680000000000154e-09
1.664920077323913574e+02,4.000400000000000067e-01,1.035589999999999978e-08
1.668969540596008301e+02,4.000589999999999979e-01,9.721179999999999305e-09
1.672871134281158447e+02,4.000469999999999859e-01,9.248519999999999822e-09
1.676629195213317871e+02,4.000520000000000187e-01,5.229270000000000079e-09
1.680521721839904785e+02,4.000540000000000207e-01,1.319850000000000069e-08
1.684470577239990234e+02,4.000489999999999879e-01,1.111950000000000074e-08
1.688228287696838379e+02,4.000480000000000147e-01,6.194159999999999629e-09
1.692039916515350342e+02,4.000380000000000047e-01,8.141459999999999305e-09
1.695928444862365723e+02,4.000489999999999879e-01,1.207249999999999941e-08
1.699841516017913818e+02,4.000409999999999799e-01,8.780250000000000156e-09
1.703760695457458496e+02,4.000589999999999979e-01,6.971600000000000203e-09
1.707661113739013672e+02,4.000429999999999819e-01,1.221990000000000078e-08
1.711414484977722168e+02,4.000420000000000087e-01,6.517230000000000251e-09
1.715300066471099854e+02,4.000580000000000247e-01,1.311369999999999950e-08
1.719053840637207031e+02,4.000469999999999859e-01,1.206410000000000014e-08
1.722933566570281982e+02,4.000619999999999732e-01,9.136329999999999200e-09
1.726702871322631836e+02,4.000630000000000019e-01,1.251639999999999950e-08
1.730462527275085449e+02,4.000520000000000187e-01,1.311789999999999996e-08
1.734363131523132324e+02,4.000589999999999979e-01,5.889959999999999790e-09
1.738250141143798828e+02,4.000480000000000147e-01,1.198309999999999929e-08
1.742161140441894531e+02,4.000630000000000019e-01,5.744870000000000242e-09
1.745939371585845947e+02,4.000679999999999792e-01,8.997389999999999677e-09
1.749690327644348145e+02,4.000580000000000247e-01,1.306280000000000001e-08
1.753597264289855957e+02,4.000509999999999899e-01,5.227950000000000336e-09
1.757484891414642334e+02,4.000569999999999959e-01,1.365809999999999940e-08
1.761224732398986816e+02,4.000469999999999859e-01,7.094990000000000126e-09
1.765141122341156006e+02,4.000659999999999772e-01,1.115140000000000018e-08
1.769061136245727539e+02,4.000440000000000107e-01,1.136400000000000005e-08
1.772987136840820312e+02,4.000600000000000267e-01,5.538889999999999678e-09
1.776916098594665527e+02,4.000600000000000267e-01,1.420509999999999926e-08
1.780841681957244873e+02,4.000480000000000147e-01,7.037529999999999788e-09
1.784602811336517334e+02,4.000520000000000187e-01,9.217320000000000178e-09
1.788545057773590088e+02,4.000630000000000019e-01,1.225080000000000075e-08
1.792446529865264893e+02,4.000449999999999839e-01,6.447590000000000066e-09
1.796202781200408936e+02,4.000560000000000227e-01,5.535529999999999805e-09
1.799932253360748291e+02,4.000600000000000267e-01,1.383230000000000072e-08
1.803828527927398682e+02,4.000549999999999939e-01,5.135540000000000238e-09
1.807732000350952148e+02,4.000520000000000187e-01,1.402470000000000018e-08
1.811620857715606689e+02,4.000600000000000267e-01,6.162000000000000021e-09
1.815559971332550049e+02,4.000429999999999819e-01,1.285140000000000052e-08
1.819611096382141113e+02,4.000569999999999959e-01,7.769159999999999670e-09
1.823556439876556396e+02,4.000529999999999919e-01,1.372120000000000014e-08
1.827463121414184570e+02,4.000500000000000167e-01,5.196110000000000165e-09
1.831361658573150635e+02,4.000489999999999879e-01,1.444820000000000063e-08
1.835244882106781006e+02,4.000549999999999939e-01,5.768629999999999755e-09
1.839141800403594971e+02,4.000520000000000187e-01,1.318339999999999978e-08
1.843031647205352783e+02,4.000609999999999999e-01,8.281660000000000123e-09
1.846927769184112549e+02,4.000500000000000167e-01,1.163030000000000026e-08
1.850835916996002197e+02,4.000630000000000019e-01,8.243230000000000288e-09
1.854726324081420898e+02,4.000389999999999779e-01,9.393869999999999532e-09
1.858635659217834473e+02,4.000569999999999959e-01,9.038230000000000128e-09
1.862562897205352783e+02,4.000500000000000167e-01,1.302640000000000043e-08
1.866482076644897461e+02,4.000500000000000167e-01,4.807939999999999839e-09
1.870238428115844727e+02,4.000569999999999959e-01,9.544970000000000799e-09
1.873979554176330566e+02,4.000489999999999879e-01,1.246040000000000052e-08
1.877880759239196777e+02,4.000500000000000167e-01,5.352310000000000101e-09
1.881616113185882568e+02,4.000639999999999752e-01,1.233849999999999994e-08
1.885521790981292725e+02,4.000480000000000147e-01,5.994899999999999636e-09
1.889427194595336914e+02,4.000569999999999959e-01,1.209170000000000034e-08
1.893310477733612061e+02,4.000429999999999819e-01,5.654249999999999991e-09
1.897081151008605957e+02,4.000540000000000207e-01,5.005899999999999846e-09
1.900858709812164307e+02,4.000529999999999919e-01,7.890269999999999886e-09
1.904782974720001221e+02,4.000489999999999879e-01,1.306880000000000020e-08
1.908693172931671143e+02,4.000569999999999959e-01,4.888560000000000332e-09
1.912559533119201660e+02,4.000460000000000127e-01,1.123420000000000077e-08
1.916322681903839111e+02,4.000429999999999819e-01,6.445089999999999712e-09
1.920045757293701172e+02,4.000580000000000247e-01,8.729679999999999989e-09
1.923945798873901367e+02,4.000449999999999839e-01,1.017049999999999998e-08
1.927873566150665283e+02,4.000589999999999979e-01,5.396819999999999981e-09
1.931629643440246582e+02,4.000639999999999752e-01,1.061129999999999954e-08
1.935552403926849365e+02,4.000509999999999899e-01,1.230800000000000010e-08
1.939456672668457031e+02,4.000509999999999899e-01,5.502659999999999690e-09
1.943211116790771484e+02,4.000540000000000207e-01,1.091819999999999979e-08
1.947112176418304443e+02,4.000349999999999739e-01,7.954809999999999748e-09
1.951023523807525635e+02,4.000619999999999732e-01,8.612389999999999869e-09
1.954867651462554932e+02,4.000460000000000127e-01,5.336869999999999997e-09
1.958784263134002686e+02,4.000569999999999959e-01,1.219820000000000033e-08
1.962680754661560059e+02,4.000409999999999799e-01,6.997920000000000170e-09
1.966592397689819336e+02,4.000469999999999859e-01,1.233099999999999971e-08
1.970642328262329102e+02,4.000589999999999979e-01,4.780220000000000270e-09
1.974561100006103516e+02,4.000580000000000247e-01,1.217149999999999917e-08
1.978465018272399902e+02,4.000460000000000127e-01,7.759899999999999228e-09
1.982385830879211426e+02,4.000569999999999959e-01,7.690790000000000074e-09
1.986284816265106201e+02,4.000469999999999859e-01,1.167409999999999963e-08
1.990181457996368408e+02,4.000650000000000039e-01,6.832609999999999632e-09
1.993964407444000244e+02,4.000619999999999732e-01,6.679539999999999870e-09
1.997740571498870850e+02,4.000589999999999979e-01,1.067400000000000016e-08
2.001538822650909424e+02,4.000639999999999752e-01,9.828749999999999586e-09
2.005310018062591553e+02,4.000500000000000167e-01,1.273059999999999986e-08
2.009231224060058594e+02,4.000380000000000047e-01,8.389090000000000444e-09
2.013162562847137451e+02,4.000529999999999919e-01,8.735569999999999851e-09
2.016960294246673584e+02,4.000540000000000207e-01,1.127709999999999945e-08
2.020880300998687744e+02,4.000549999999999939e-01,1.990219999999999937e-08
2.024789617061614990e+02,4.000489999999999879e-01,1.206129999999999928e-08
2.028687610626220703e+02,4.000529999999999919e-01,2.039709999999999939e-08
2.032591912746429443e+02,4.000460000000000127e-01,1.489859999999999982e-08
2.036522827148437500e+02,4.000589999999999979e-01,1.464449999999999922e-08
2.040451412200927734e+02,4.000520000000000187e-01,2.234350000000000086e-08
2.044368090629577637e+02,4.000440000000000107e-01,1.516919999999999927e-08
2.048261132240295410e+02,4.000560000000000227e-01,2.353970000000000134e-08
2.052170720100402832e+02,4.000569999999999959e-01,2.794499999999999976e-08
2.056071481704711914e+02,4.000480000000000147e-01,1.505599999999999929e-08
2.059961936473846436e+02,4.000500000000000167e-01,2.595809999999999869e-08
2.063881921768188477e+02,4.000389999999999779e-01,1.799859999999999945e-08
2.067815518379211426e+02,4.000580000000000247e-01,1.936029999999999900e-08
2.071721506118774414e+02,4.000429999999999819e-01,2.372270000000000039e-08
2.075663070678710938e+02,4.000440000000000107e-01,1.723150000000000114e-08
2.079577248096466064e+02,4.000569999999999959e-01,2.596269999999999928e-08
2.083521904945373535e+02,4.000420000000000087e-01,2.118189999999999858e-08
2.087471280097961426e+02,4.000400000000000067e-01,2.080600000000000115e-08
2.091415290832519531e+02,4.000569999999999959e-01,2.016499999999999892e-08
2.095307679176330566e+02,4.000420000000000087e-01,2.245120000000000122e-08
2.099208822250366211e+02,4.000569999999999959e-01,2.133150000000000146e-08
2.103100216388702393e+02,4.000420000000000087e-01,2.653499999999999905e-08
2.107001101970672607e+02,4.000569999999999959e-01,2.444310000000000134e-08
2.110935006141662598e+02,4.000480000000000147e-01,3.193320000000000301e-08
2.114840173721313477e+02,4.000589999999999979e-01,2.369329999999999882e-08
2.118925487995147705e+02,4.000600000000000267e-01,2.229689999999999897e-08
2.122799136638641357e+02,4.000690000000000079e-01,2.363020000000000139e-08
2.126741347312927246e+02,4.000619999999999732e-01,3.687250000000000145e-08
2.130642778873443604e+02,4.000639999999999752e-01,1.476090000000000018e-08
2.134538934230804443e+02,4.000540000000000207e-01,2.481899999999999877e-08
2.138475055694580078e+02,4.000569999999999959e-01,1.770549999999999929e-08
2.142412357330322266e+02,4.000670000000000059e-01,2.942759999999999876e-08
2.146302638053894043e+02,4.000469999999999859e-01,3.395629999999999947e-08
2.150249698162078857e+02,4.000609999999999999e-01,2.569829999999999924e-08
2.154150102138519287e+02,4.000529999999999919e-01,2.542599999999999885e-08
2.158093910217285156e+02,4.000549999999999939e-01,2.677900000000000110e-08
2.162017543315887451e+02,4.000699999999999812e-01,2.976980000000000033e-08
2.165937523841857910e+02,4.000549999999999939e-01,4.185210000000000192e-08
2.169828567504882812e+02,4.000679999999999792e-01,2.403479999999999893e-08
2.173757057189941406e+02,4.000609999999999999e-01,3.774609999999999810e-08
2.177690260410308838e+02,4.000489999999999879e-01,2.962780000000000144e-08
2.181640460491180420e+02,4.000630000000000019e-01,2.763700000000000124e-08
2.185559945106506348e+02,4.000600000000000267e-01,3.683999999999999769e-08
2.189473118782043457e+02,4.000619999999999732e-01,1.961569999999999876e-08
2.193443598747253418e+02,4.000619999999999732e-01,1.941249999999999929e-08
2.197370276451110840e+02,4.000670000000000059e-01,3.084319999999999788e-08
2.201291170120239258e+02,4.000520000000000187e-01,2.483949999999999885e-08
2.205225245952606201e+02,4.000659999999999772e-01,2.472170000000000160e-08
2.209155027866363525e+02,4.000609999999999999e-01,3.151629999999999879e-08
2.213060090541839600e+02,4.000529999999999919e-01,2.648590000000000094e-08
2.216941723823547363e+02,4.000670000000000059e-01,3.098249999999999966e-08
2.220874757766723633e+02,4.000589999999999979e-01,2.472940000000000106e-08
2.224779160022735596e+02,4.000730000000000119e-01,3.665059999999999997e-08
2.228697156906127930e+02,4.000650000000000039e-01,2.901829999999999853e-08
2.232631592750549316e+02,4.000639999999999752e-01,2.314050000000000131e-08
2.236580669879913330e+02,4.000719999999999832e-01,4.042970000000000236e-08
2.240510795116424561e+02,4.000589999999999979e-01,3.614609999999999701e-08
2.244445877075195312e+02,4.000549999999999939e-01,3.243860000000000170e-08
2.248350064754486084e+02,4.000739999999999852e-01,4.900070000000000016e-08
2.252252025604248047e+02,4.000609999999999999e-01,4.859710000000000044e-08
2.256190204620361328e+02,4.000770000000000159e-01,2.986580000000000000e-08
2.260123579502105713e+02,4.000679999999999792e-01,4.201709999999999711e-08
2.264011919498443604e+02,4.000670000000000059e-01,2.605040000000000012e-08
2.267928862571716309e+02,4.000520000000000187e-01,4.114070000000000125e-08
2.271971943378448486e+02,4.000690000000000079e-01,3.818060000000000110e-08
2.275869984626770020e+02,4.000520000000000187e-01,3.887340000000000185e-08
2.279761741161346436e+02,4.000670000000000059e-01,3.302679999999999766e-08
2.283670220375061035e+02,4.000520000000000187e-01,3.445239999999999820e-08
2.287571129798889160e+02,4.000650000000000039e-01,3.457989999999999719e-08
2.291471943855285645e+02,4.000589999999999979e-01,4.197939999999999671e-08
2.295391628742218018e+02,4.000560000000000227e-01,2.728749999999999867e-08
2.299313068389892578e+02,4.000580000000000247e-01,7.861250000000000331e-08
2.303233995437622070e+02,4.000540000000000207e-01,3.407370000000000156e-08
2.307143900394439697e+02,4.000690000000000079e-01,3.891529999999999775e-08
2.311042728424072266e+02,4.000429999999999819e-01,5.697279999999999914e-08
2.314943511486053467e+02,4.000699999999999812e-01,4.101899999999999825e-08
2.318850138187408447e+02,4.000549999999999939e-01,3.692110000000000230e-08
2.322772831916809082e+02,4.000659999999999772e-01,3.184430000000000014e-08
2.326837813854217529e+02,4.000520000000000187e-01,3.949560000000000328e-08
2.330722374916076660e+02,4.000619999999999732e-01,5.156700000000000111e-08
2.334616472721099854e+02,4.000549999999999939e-01,3.799389999999999719e-08
2.338533680438995361e+02,4.000699999999999812e-01,3.650600000000000277e-08
2.342468099594116211e+02,4.000600000000000267e-01,3.446049999999999944e-08
2.346344232559204102e+02,4.000639999999999752e-01,3.788659999999999860e-08
2.350245738029479980e+02,4.000540000000000207e-01,4.061549999999999732e-08
2.354133720397949219e+02,4.000659999999999772e-01,3.960190000000000073e-08
2.358020315170288086e+02,4.000440000000000107e-01,3.877749999999999767e-08
2.361941730976104736e+02,4.000589999999999979e-01,7.459480000000000301e-08
2.365869748592376709e+02,4.000580000000000247e-01,5.110789999999999802e-08
2.369761135578155518e+02,4.000500000000000167e-01,2.791279999999999898e-08
2.373643603324890137e+02,4.000549999999999939e-01,7.126469999999999359e-08
2.377560973167419434e+02,4.000480000000000147e-01,3.349759999999999814e-08
2.381497163772583008e+02,4.000609999999999999e-01,4.439899999999999940e-08
2.385396506786346436e+02,4.000400000000000067e-01,3.702180000000000134e-08
2.389309074878692627e+02,4.000719999999999832e-01,4.259489999999999981e-08
2.393191583156585693e+02,4.000489999999999879e-01,4.213700000000000204e-08
2.397121255397796631e+02,4.000529999999999919e-01,2.932169999999999978e-08
2.401135208606719971e+02,4.000509999999999899e-01,3.433049999999999762e-08
2.405033054351806641e+02,4.000589999999999979e-01,3.029629999999999846e-08
2.408923170566558838e+02,4.000500000000000167e-01,3.232359999999999703e-08
2.412842152118682861e+02,4.000670000000000059e-01,3.175419999999999856e-08
2.416737494468688965e+02,4.000609999999999999e-01,3.670020000000000195e-08
2.420851447582244873e+02,4.000759999999999872e-01,3.141120000000000006e-08
2.424792015552520752e+02,4.000659999999999772e-01,4.403690000000000041e-08
2.428730731010437012e+02,4.000580000000000247e-01,4.814339999999999817e-08
2.432642672061920166e+02,4.000739999999999852e-01,3.318830000000000212e-08
2.436555273532867432e+02,4.000619999999999732e-01,4.258519999999999807e-08
2.440459995269775391e+02,4.000650000000000039e-01,3.692490000000000264e-08
2.444357855319976807e+02,4.000650000000000039e-01,3.911010000000000291e-08
2.448302841186523438e+02,4.000520000000000187e-01,3.993260000000000250e-08
2.452333772182464600e+02,4.000600000000000267e-01,6.657149999999999495e-08
2.456248834133148193e+02,4.000560000000000227e-01,5.277309999999999760e-08
2.460152745246887207e+02,4.000670000000000059e-01,6.558280000000000146e-08
2.464047133922576904e+02,4.000600000000000267e-01,4.103589999999999888e-08
2.467961115837097168e+02,4.000790000000000179e-01,4.603440000000000225e-08
2.471868340969085693e+02,4.000609999999999999e-01,4.162549999999999776e-08
2.475781154632568359e+02,4.000719999999999832e-01,5.509850000000000200e-08
2.479671154022216797e+02,4.000549999999999939e-01,4.529429999999999816e-08
2.483560197353363037e+02,4.000670000000000059e-01,4.547749999999999810e-08
2.487421767711639404e+02,4.000509999999999899e-01,4.109599999999999953e-08
2.491338224411010742e+02,4.000719999999999832e-01,3.886549999999999819e-08
2.495248908996582031e+02,4.000580000000000247e-01,4.563910000000000135e-08
2.499193160533905029e+02,4.000630000000000019e-01,3.446420000000000099e-08
2.503112642765045166e+02,4.000739999999999852e-01,4.457380000000000173e-08
2.506997072696685791e+02,4.000569999999999959e-01,4.970959999999999800e-08
2.510910813808441162e+02,4.000710000000000099e-01,4.688399999999999816e-08
2.514804944992065430e+02,4.000589999999999979e-01,7.052089999999999457e-08
2.518698563575744629e+02,4.000710000000000099e-01,7.216320000000000657e-08
2.522603931427001953e+02,4.000589999999999979e-01,5.535689999999999854e-08
2.526490206718444824e+02,4.000710000000000099e-01,5.261300000000000267e-08
2.530399856567382812e+02,4.000630000000000019e-01,5.173050000000000122e-08
2.534299066066741943e+02,4.000759999999999872e-01,5.641549999999999983e-08
2.538217196464538574e+02,4.000529999999999919e-01,6.496789999999999772e-08
2.542102549076080322e+02,4.000690000000000079e-01,7.955079999999999789e-08
2.546001865863800049e+02,4.000600000000000267e-01,5.974209999999999866e-08
2.549892585277557373e+02,4.000750000000000139e-01,6.677630000000000483e-08
2.553812398910522461e+02,4.000609999999999999e-01,7.645869999999999365e-08
2.557704079151153564e+02,4.000670000000000059e-01,5.022739999999999883e-08
2.561602389812469482e+02,4.000529999999999919e-01,5.707119999999999954e-08
2.565500593185424805e+02,4.000739999999999852e-01,6.219209999999999744e-08
2.569410152435302734e+02,4.000440000000000107e-01,7.723139999999999368e-08
2.573467600345611572e+02,4.000619999999999732e-01,6.290000000000000075e-08
2.577366013526916504e+02,4.000480000000000147e-01,5.382810000000000275e-08
2.581260917186737061e+02,4.000639999999999752e-01,5.921719999999999771e-08
2.585161030292510986e+02,4.000429999999999819e-01,4.514939999999999796e-08
2.589050092697143555e+02,4.000659999999999772e-01,4.456770000000000275e-08
2.592963972091674805e+02,4.000469999999999859e-01,4.412899999999999764e-08
2.596860849857330322e+02,4.000609999999999999e-01,4.819830000000000219e-08
2.600791587829589844e+02,4.000500000000000167e-01,6.651140000000000092e-08
2.604702835083007812e+02,4.000639999999999752e-01,5.547389999999999886e-08
2.608655815124511719e+02,4.000650000000000039e-01,4.469719999999999740e-08
2.612603833675384521e+02,4.000500000000000167e-01,6.022970000000000099e-08
2.614633131027221680e+02,4.000480000000000147e-01,4.037340000000000205e-08
